File Name, max_depth of CPT, Vsz_Hegazy 2006, Vs30_Boore 2004, Vsz_Andrus 2007-H, Vs30_Boore 2004, Vsz_Andrus 2007-P, Vs30_Boore 2004, Vsz_Robertson 2009, Vs30_Boore 2004, Vsz_McGann 2015, Vs30_Boore 2004,Vsz_McGann 2018, Vs30_Boore 2004
SCPT_195941_Raw01, 20.00, 98.52, 109.12, 101.59, 112.56, 123.68, 137.28, 104.05, 115.30, 94.25, 104.35, 245.77, 274.59
SCPT_140254_Raw01, 23.00, 162.43, 174.65, 163.94, 176.27, 199.57, 214.77, 174.74, 187.94, 137.60, 147.84, 289.79, 312.34
SCPT_114322_Raw01, 20.00, 165.52, 184.23, 173.57, 193.28, 211.30, 235.74, 180.10, 200.62, 143.32, 159.31, 277.12, 309.96
SCPT_14538_Raw02, 20.00, 250.49, 279.91, 179.40, 199.83, 218.39, 243.73, 202.26, 225.55, 143.62, 159.64, 305.66, 342.20
SCPT_57279_Raw01, 20.00, 235.31, 262.79, 165.31, 184.00, 201.25, 224.42, 205.64, 229.36, 143.01, 158.96, 299.49, 335.24
SCPT_57280_Modified, 18.00, 234.14, 268.21, 159.71, 181.94, 194.43, 222.13, 208.08, 237.96, 134.57, 152.93, 276.46, 317.44
SCPT_57339_Raw01, 17.00, 225.78, 261.80, 147.88, 170.10, 180.03, 207.85, 187.12, 216.20, 119.76, 137.20, 267.47, 311.14
SCPT_188664_Raw01, 10.00, 253.10, 327.74, 132.52, 168.38, 161.32, 206.17, 181.17, 232.32, 101.08, 127.43, 242.93, 314.20
SCPT_200163_Raw01, 10.00, 313.06, 407.90, 161.11, 205.89, 196.14, 252.10, 225.62, 291.17, 118.69, 150.33, 234.40, 302.84
SCPT_154775_Raw01,N,N,N,N,N,N,N,N,N,N,N,N,N
SCPT_14529_Raw03, 14.00, 286.57, 348.74, 165.21, 197.79, 201.12, 242.20, 210.36, 253.66, 125.01, 148.43, 268.36, 325.96
SCPT_116073_Raw01,N,N,N,N,N,N,N,N,N,N,N,N,N
CPT_170525_Raw01,N,N,N,N,N,N,N,N,N,N,N,N,N
SCPT_94658_Raw01, 19.00, 173.20, 195.14, 130.32, 146.34, 158.65, 178.57, 164.71, 185.47, 104.80, 117.39, 238.09, 269.25
SCPT_126232_Raw01, 25.00, 108.74, 114.03, 123.06, 129.12, 149.81, 157.33, 125.83, 132.04, 106.39, 111.56, 239.39, 251.94
SCPT_195934_Raw01,N,N,N,N,N,N,N,N,N,N,N,N,N
SCPT_57349_Raw01, 20.00, 293.18, 328.11, 204.03, 227.55, 248.39, 277.54, 242.76, 271.19, 161.23, 179.41, 316.62, 354.59
SCPT_57350_Raw01, 20.00, 298.13, 333.70, 216.55, 241.64, 263.62, 294.73, 254.06, 283.94, 170.99, 190.38, 324.99, 364.06
SCPT_192473_Raw01, 26.00, 281.50, 293.14, 189.42, 196.90, 230.60, 239.91, 217.08, 225.79, 155.79, 161.80, 344.31, 358.86
SCPT_188665_Raw01, 10.00, 284.91, 370.21, 125.11, 158.71, 152.31, 194.32, 181.97, 233.37, 98.45, 124.02, 233.75, 301.98
SCPT_163485_Raw01, 12.00, 236.25, 294.77, 177.28, 218.97, 215.82, 268.42, 208.39, 258.87, 140.48, 172.09, 269.52, 337.85
SCPT_57345_Raw01, 20.00, 145.46, 161.71, 150.43, 167.29, 183.14, 204.04, 158.18, 175.99, 128.83, 143.05, 275.68, 308.34
SCPT_129759_Raw01, 14.00, 173.29, 207.77, 146.05, 174.21, 177.80, 213.33, 175.47, 210.45, 113.81, 134.76, 233.72, 282.72
SCPT_57365_Raw01, 20.00, 206.17, 229.96, 179.57, 200.02, 218.60, 243.96, 195.97, 218.47, 146.39, 162.76, 308.88, 345.84
SCPT_140262_Raw01, 15.00, 204.33, 242.60, 153.55, 180.94, 186.92, 221.42, 182.92, 216.55, 120.99, 141.69, 260.90, 311.76
SCPT_14557_Raw03,N,N,N,N,N,N,N,N,N,N,N,N,N
SCPT_148998_Raw01, 24.00, 101.09, 107.20, 154.91, 164.59, 188.59, 200.54, 142.40, 151.24, 137.10, 145.59, 272.31, 290.01
SCPT_156298_Raw01, 24.00, 148.95, 158.23, 159.48, 169.46, 194.15, 206.47, 171.11, 181.87, 131.68, 139.81, 269.85, 287.39
SCPT_129760_Raw01, 14.00, 187.05, 224.77, 156.63, 187.23, 190.68, 229.27, 186.85, 224.52, 122.77, 145.69, 244.96, 296.72
SCPT_14526_Raw03, 23.00, 182.35, 196.16, 176.58, 189.92, 214.96, 231.40, 180.85, 194.53, 145.47, 156.34, 300.58, 324.02
SCPT_205817_Raw01, 27.00, 196.53, 202.22, 167.10, 171.82, 203.43, 209.34, 187.20, 192.57, 143.99, 147.96, 325.17, 335.30
SCPT_195933_Raw01, 10.00, 269.06, 349.03, 125.56, 159.29, 152.85, 195.04, 177.94, 228.06, 95.69, 120.45, 231.56, 299.07
SCPT_156308_Raw01, 19.00, 237.99, 269.14, 199.28, 224.90, 242.61, 274.42, 231.69, 261.94, 161.09, 181.35, 304.87, 345.78
SCPT_36413_Raw01, 29.00, 279.42, 282.08, 221.18, 223.20, 269.26, 271.80, 256.43, 258.83, 183.66, 185.29, 356.99, 360.51
SCPT_156307_Raw01, 19.00, 242.31, 274.09, 202.27, 228.31, 246.25, 278.59, 233.30, 263.78, 163.71, 184.33, 306.34, 347.46
SCPT_156300_Raw01, 23.00, 170.50, 183.36, 143.41, 154.12, 174.59, 187.78, 170.51, 183.37, 113.59, 121.94, 248.60, 267.78
CPT_170533_Raw01, 13.00, 231.69, 284.64, 117.29, 141.01, 142.79, 172.75, 163.40, 198.53, 94.29, 112.57, 231.49, 284.39
SCPT_140251_Raw01, 20.00, 291.69, 326.42, 159.66, 177.65, 194.37, 216.67, 205.48, 229.18, 123.57, 137.16, 280.21, 313.45
SCPT_140263_Raw01, 21.00, 235.78, 259.95, 162.50, 178.68, 197.82, 217.83, 185.77, 204.47, 135.80, 149.13, 311.27, 343.87
SCPT_171664_Raw01, 12.00, 403.13, 512.54, 135.95, 166.36, 165.51, 203.94, 231.57, 288.73, 115.07, 139.98, 268.13, 336.04
SCPT_140253_Raw01, 17.00, 230.41, 267.27, 174.74, 201.63, 212.72, 246.38, 212.31, 245.89, 138.20, 158.76, 281.58, 327.88
SCPT_14651_Raw02, 23.00, 185.02, 199.04, 158.29, 170.18, 192.71, 207.35, 173.27, 186.35, 132.84, 142.71, 294.86, 317.83
SCPT_57280_Raw01,N,N,N,N,N,N,N,N,N,N,N,N,N
SCPT_165739_Raw01, 26.00, 109.58, 113.63, 143.69, 149.18, 174.93, 181.77, 131.48, 136.44, 130.25, 135.16, 284.61, 296.39
SCPT_170538_Raw01, 13.00, 273.89, 338.28, 141.32, 170.91, 172.04, 209.37, 193.46, 236.31, 111.53, 133.87, 252.83, 311.47
SCPT_57360_Raw01, 20.00, 233.24, 260.46, 184.55, 205.63, 224.67, 250.80, 211.89, 236.40, 149.43, 166.16, 303.97, 340.30
SCPT_57347_Raw01, 20.00, 270.53, 302.52, 214.97, 239.87, 261.71, 292.56, 244.34, 272.97, 172.47, 192.05, 322.13, 360.82
SCPT_170543_Raw01, 12.00, 379.06, 480.89, 142.98, 175.27, 174.06, 214.85, 218.03, 271.27, 110.34, 134.03, 254.12, 317.88
SCPT_154032_Raw01, 19.00, 224.87, 254.13, 189.83, 214.11, 231.10, 261.25, 205.16, 231.61, 150.97, 169.83, 299.04, 339.09
SCPT_192483_Raw01, 28.00, 119.83, 121.84, 142.63, 145.10, 173.64, 176.75, 140.07, 142.49, 129.11, 131.31, 297.47, 303.31
SCPT_57362_Raw01, 20.00, 244.18, 272.79, 180.66, 201.25, 219.94, 245.46, 218.22, 243.53, 146.02, 162.33, 299.85, 335.64
SCPT_205818_Raw01, 29.00, 172.05, 173.55, 161.06, 162.46, 196.08, 197.83, 175.36, 176.90, 141.88, 143.08, 319.16, 322.26
SCPT_195936_Raw01, 10.00, 247.09, 319.73, 131.68, 167.30, 160.31, 204.84, 177.36, 227.29, 102.24, 128.93, 242.00, 312.96
SCPT_57348_Raw01, 20.00, 264.50, 295.72, 203.93, 227.44, 248.27, 277.40, 235.85, 263.40, 163.80, 182.30, 315.57, 353.40
SCPT_128450_Raw01, 23.00, 126.61, 135.99, 133.47, 143.39, 162.49, 174.71, 142.89, 153.55, 108.57, 116.53, 231.30, 249.06
SCPT_57342_Raw01, 20.00, 241.97, 270.30, 189.35, 211.03, 230.51, 257.39, 218.74, 244.11, 152.89, 170.05, 302.79, 338.96
SCPT_129761_Raw01, 14.00, 204.59, 246.50, 157.75, 188.60, 192.04, 230.95, 191.08, 229.76, 121.27, 143.87, 245.90, 297.90
SCPT_14540_Raw03, 24.00, 168.33, 178.91, 151.48, 160.93, 184.41, 196.08, 160.43, 170.48, 127.79, 135.66, 281.30, 299.63
SCPT_57363_Raw01, 20.00, 200.99, 224.12, 186.84, 208.21, 227.46, 253.94, 213.87, 238.63, 158.40, 176.24, 309.31, 346.33
SCPT_14556_Raw02, 20.00, 200.00, 223.01, 147.31, 163.78, 179.34, 199.76, 170.47, 189.80, 122.20, 135.62, 278.82, 311.89
SCPT_125043_Raw01, 16.00, 3.87, 4.13, 111.89, 129.19, 136.21, 158.01, 72.85, 83.27, 95.79, 110.20, 233.41, 274.24
SCPT_182797_Raw01, 29.00, 77.15, 77.73, 109.27, 110.15, 133.02, 134.14, 105.19, 106.03, 105.94, 106.79, 251.08, 253.42
SCPT_14550_Raw02, 24.00, 277.64, 295.72, 189.74, 201.76, 230.98, 245.83, 215.48, 229.26, 153.93, 163.54, 333.39, 355.38
SCPT_57355_Raw01, 20.00, 203.42, 226.86, 169.72, 188.95, 206.61, 230.46, 196.49, 219.06, 140.19, 155.79, 287.83, 322.06
SCPT_57346_Raw01, 20.00, 240.86, 269.05, 208.04, 232.06, 253.26, 283.04, 244.89, 273.60, 170.94, 190.33, 315.07, 352.84
SCPT_184148_Raw01, 20.00, 174.70, 194.55, 134.96, 149.92, 164.29, 182.86, 154.78, 172.17, 115.68, 128.32, 269.02, 300.82
SCPT_156310_Raw01, 17.00, 311.68, 363.62, 207.29, 239.97, 252.35, 293.23, 251.49, 292.21, 159.40, 183.62, 311.50, 363.41
SCPT_217026_Raw01, 11.00, 299.21, 382.42, 125.26, 155.41, 152.49, 190.47, 186.85, 235.02, 98.01, 120.60, 244.76, 310.70
SCPT_57359_Raw01, 18.00, 202.35, 231.31, 155.50, 177.08, 189.31, 216.19, 184.43, 210.54, 127.34, 144.59, 280.19, 321.79
SCPT_192457_Raw01, 29.00, 190.59, 192.28, 154.04, 155.36, 187.53, 189.19, 189.46, 191.15, 139.21, 140.38, 319.16, 322.25
CPT_170534_Raw01, 11.00, 205.15, 258.86, 129.91, 161.39, 158.16, 197.80, 164.50, 206.01, 100.38, 123.61, 225.12, 284.95
SCPT_192480_Raw01, 28.00, 138.92, 141.31, 147.30, 149.86, 179.32, 182.55, 147.52, 150.08, 132.19, 134.44, 306.70, 312.75
SCPT_57357_Raw01, 20.00, 209.66, 233.89, 176.98, 197.12, 215.46, 240.42, 200.55, 223.63, 143.37, 159.37, 291.19, 325.85
SCPT_154771_Raw01,N,N,N,N,N,N,N,N,N,N,N,N,N
SCPT_196093_Raw01, 28.00, 250.57, 255.35, 177.05, 180.23, 215.54, 219.55, 201.43, 205.13, 154.00, 156.71, 339.05, 345.85
SCPT_124801_Raw01, 19.00, 180.02, 202.92, 158.76, 178.70, 193.28, 218.04, 175.04, 197.24, 127.43, 143.06, 260.31, 294.69
SCPT_14548_Raw02, 24.00, 225.32, 239.78, 181.18, 192.62, 220.57, 234.70, 197.76, 210.33, 146.23, 155.33, 311.67, 332.13
SCPT_116045_Raw01, 10.00, 204.21, 262.78, 102.89, 129.77, 125.25, 158.89, 149.52, 190.65, 81.98, 102.71, 199.60, 256.68
SCPT_57353_Raw01, 17.00, 205.95, 238.39, 164.37, 189.44, 200.10, 231.49, 193.59, 223.82, 131.87, 151.35, 272.98, 317.67
SCPT_195938_Raw01, 10.00, 226.61, 292.50, 93.82, 118.02, 114.22, 144.51, 140.65, 179.03, 76.83, 96.08, 203.69, 262.10
SCPT_14554_Raw02, 10.00, 467.30, 616.04, 196.99, 253.22, 239.81, 310.04, 273.20, 354.56, 137.07, 174.35, 277.87, 360.79
SCPT_114319_AGS01, 20.00, 167.61, 186.58, 167.44, 186.39, 203.84, 227.33, 175.69, 195.67, 138.69, 154.12, 275.07, 307.66
SCPT_61758_Raw01, 15.00, 254.10, 303.42, 188.85, 223.76, 229.90, 273.81, 224.49, 267.19, 146.73, 172.70, 285.48, 341.94
SCPT_57351_Raw01, 19.00, 155.34, 174.80, 130.39, 146.43, 158.74, 178.67, 147.37, 165.73, 111.39, 124.85, 257.95, 291.98
SCPT_129764_Raw01, 14.00, 229.55, 277.51, 174.35, 209.07, 212.26, 256.02, 216.03, 260.71, 136.12, 162.03, 266.02, 323.03
SCPT_136515_Raw01, 19.00, 157.40, 177.14, 176.94, 199.41, 215.40, 243.31, 181.12, 204.17, 144.59, 162.56, 285.23, 323.24
SCPT_192469_Raw01, 29.00, 202.49, 204.31, 167.11, 168.57, 203.44, 205.27, 177.74, 179.30, 144.96, 146.19, 335.57, 338.85
SCPT_57358_Raw01, 20.00, 222.53, 248.39, 178.09, 198.36, 216.81, 241.94, 206.32, 230.13, 144.98, 161.17, 301.00, 336.94
SCPT_14552_Raw02, 22.00, 202.85, 220.91, 160.95, 175.10, 195.94, 213.36, 180.91, 196.92, 132.94, 144.51, 294.79, 321.58
SCPT_217000_Raw01, 20.00, 246.46, 275.36, 160.38, 178.46, 195.25, 217.66, 193.11, 215.25, 131.65, 146.22, 292.78, 327.65
SCPT_140250_Raw01, 18.00, 252.27, 289.29, 153.00, 174.20, 186.27, 212.67, 189.95, 216.94, 121.68, 138.08, 277.70, 318.89
SCPT_148999_Raw01, 24.00, 139.66, 148.31, 167.17, 177.67, 203.52, 216.48, 169.21, 179.85, 141.99, 150.80, 278.03, 296.13
SCPT_195931_Raw01,N,N,N,N,N,N,N,N,N,N,N,N,N
SCPT_192465_Raw01, 28.00, 138.00, 140.37, 148.29, 150.88, 180.53, 183.79, 149.08, 151.69, 133.98, 136.27, 307.68, 313.75
SCPT_124802_Raw01, 17.00, 206.29, 238.79, 143.09, 164.49, 174.20, 201.00, 180.58, 208.50, 113.67, 130.10, 250.63, 291.20
SCPT_140257_Raw01, 24.00, 239.69, 255.13, 178.74, 190.01, 217.59, 231.52, 197.23, 209.76, 149.21, 158.50, 326.00, 347.46
SCPT_57354_Raw01, 20.00, 261.64, 292.49, 194.42, 216.73, 236.69, 264.34, 230.68, 257.57, 154.87, 172.28, 305.90, 342.47
CPT_170530_Raw01,N,N,N,N,N,N,N,N,N,N,N,N,N
SCPT_195932_Raw01, 10.00, 345.23, 451.11, 138.72, 176.51, 168.88, 216.11, 208.62, 268.63, 104.25, 131.54, 243.70, 315.21
SCPT_192478_Raw01, 17.00, 239.31, 277.80, 155.37, 178.88, 189.14, 218.58, 190.03, 219.62, 126.61, 145.21, 289.50, 337.28
SCPT_57366_Raw01, 20.00, 262.73, 293.72, 195.93, 218.43, 238.52, 266.41, 237.24, 264.97, 157.82, 175.58, 308.55, 345.47
SCPT_129763_Raw01, 14.00, 214.40, 258.68, 175.88, 210.95, 214.11, 258.32, 215.50, 260.05, 138.17, 164.54, 263.33, 319.66
SCPT_170549_Raw01, 15.00, 137.51, 161.58, 98.51, 114.73, 119.92, 140.40, 118.47, 138.66, 83.49, 96.83, 199.80, 237.08
SCPT_148203_Raw01, 11.00, 419.25, 542.05, 155.45, 194.29, 189.24, 238.12, 233.24, 295.59, 106.74, 131.71, 232.06, 294.04
SCPT_57343_Raw01, 20.00, 305.62, 342.16, 227.77, 254.29, 277.28, 310.15, 258.94, 289.44, 180.72, 201.32, 336.37, 376.92
SCPT_195188_Raw01, 19.00, 153.65, 172.87, 128.37, 144.13, 156.28, 175.87, 148.95, 167.52, 110.96, 124.37, 265.50, 300.64
SCPT_148992_Raw01, 24.00, 112.22, 119.07, 156.75, 166.54, 190.82, 202.92, 147.20, 156.36, 135.75, 144.15, 269.87, 287.40
SCPT_156301_Raw01, 29.00, 157.62, 158.97, 163.64, 165.06, 199.21, 201.00, 182.01, 183.62, 134.22, 135.34, 280.54, 283.20
SCPT_156296_Raw01, 26.00, 139.06, 144.35, 153.18, 159.08, 186.49, 193.83, 167.94, 174.48, 127.34, 132.13, 268.28, 279.31
SCPT_129762_Raw01, 12.00, 221.15, 275.29, 160.24, 197.22, 195.08, 241.77, 200.29, 248.45, 121.75, 148.41, 248.52, 310.63
SCPT_57364_Raw01, 16.00, 193.05, 225.81, 143.64, 166.84, 174.86, 204.05, 171.43, 199.96, 116.60, 134.77, 255.21, 300.49
SCPT_165738_Raw01, 29.00, 84.48, 85.13, 137.21, 138.36, 167.04, 168.49, 117.08, 118.03, 125.31, 126.34, 278.37, 281.01
SCPT_140260_Raw01, 19.00, 213.29, 240.90, 174.81, 196.97, 212.81, 240.35, 195.88, 221.01, 140.76, 158.21, 294.13, 333.46
SCPT_155218_Raw01, 13.00, 273.79, 338.15, 129.04, 155.60, 157.09, 190.62, 181.30, 221.00, 103.08, 123.41, 250.96, 309.10
SCPT_14541_Raw02, 18.00, 208.08, 237.95, 171.07, 195.08, 208.26, 238.16, 188.67, 215.46, 136.40, 155.03, 294.01, 337.90
SCPT_156311_Raw01, 19.00, 212.10, 239.53, 188.96, 213.12, 230.04, 260.04, 209.15, 236.17, 152.87, 171.98, 296.13, 335.75
SCPT_195937_Raw01, 10.00, 237.22, 306.60, 90.91, 114.26, 110.68, 139.90, 139.59, 177.64, 76.55, 95.73, 201.70, 259.46
SCPT_195935_Raw01, 10.00, 229.87, 296.82, 123.91, 157.14, 150.85, 192.41, 169.37, 216.76, 96.72, 121.77, 238.91, 308.85
SCPT_14543_Raw02, 18.00, 183.15, 209.06, 136.94, 155.67, 166.72, 190.04, 160.16, 182.47, 111.63, 126.51, 241.80, 277.11
SCPT_148995_Raw01, 27.00, 106.54, 109.33, 151.07, 155.27, 183.91, 189.18, 142.39, 146.30, 135.21, 138.89, 270.86, 279.08
SCPT_14539_Raw02, 24.00, 270.19, 287.75, 212.18, 225.74, 258.31, 275.05, 225.71, 240.20, 172.56, 183.43, 349.40, 372.52
SCPT_57341_Raw01, 20.00, 255.06, 285.06, 204.10, 227.63, 248.47, 277.63, 237.75, 265.54, 164.51, 183.10, 313.20, 350.72
SCPT_57356_Raw01, 20.00, 186.47, 207.79, 174.83, 194.70, 212.84, 237.47, 193.23, 215.39, 144.00, 160.07, 295.85, 331.12
