File Name, Hegazy Depth, Hegazy Vs, Andrus Depth, Andrus Vs, Rob Depth, Rob Vs, Mc15 Depth, Mc15 Vs, Mc18 Depth, Mc18 Vs
CPT_6458, 10.66, 1303.85, 10.66, 214.37, 10.66, 251.80, 10.66, 206.44, 10.66, 371.38
CPT_6458, 10.68, 1057.50, 10.68, 208.26, 10.68, 229.74, 10.68, 203.41, 10.68, 362.77
CPT_6458, 10.70, 659.82, 10.70, 206.51, 10.70, 203.92, 10.70, 206.38, 10.70, 358.92
CPT_6458, 10.72, 575.85, 10.72, 205.36, 10.72, 201.36, 10.72, 206.32, 10.72, 357.38
CPT_6458, 10.74, 545.52, 10.74, 205.37, 10.74, 203.13, 10.74, 206.43, 10.74, 357.55
CPT_6458, 10.76, 508.06, 10.76, 205.51, 10.76, 202.36, 10.76, 207.28, 10.76, 357.78
CPT_6458, 10.78, 488.15, 10.78, 206.01, 10.78, 203.27, 10.78, 208.08, 10.78, 358.58
CPT_6458, 10.80, 474.42, 10.80, 206.50, 10.80, 204.48, 10.80, 208.73, 10.80, 359.37
CPT_6458, 10.82, 469.74, 10.82, 207.38, 10.82, 206.79, 10.82, 209.47, 10.82, 360.71
CPT_6458, 10.84, 458.93, 10.84, 207.86, 10.84, 207.68, 10.84, 210.16, 10.84, 361.48
CPT_6458, 10.86, 452.62, 10.86, 208.30, 10.86, 209.00, 10.86, 210.63, 10.86, 362.23
CPT_6458, 10.88, 448.29, 10.88, 209.19, 10.88, 210.61, 10.88, 211.53, 10.88, 363.54
CPT_6458, 10.90, 433.52, 10.90, 210.14, 10.90, 210.36, 10.90, 213.23, 10.90, 364.90
CPT_6458, 10.92, 428.64, 10.92, 211.01, 10.92, 211.56, 10.92, 214.27, 10.92, 366.19
CPT_6458, 10.94, 420.93, 10.94, 211.88, 10.94, 212.18, 10.94, 215.56, 10.94, 367.47
CPT_6458, 10.96, 409.34, 10.96, 211.92, 10.96, 211.68, 10.96, 216.23, 10.96, 367.69
CPT_6458, 10.98, 403.03, 10.98, 211.94, 10.98, 211.96, 10.98, 216.52, 10.98, 367.88
CPT_6458, 11.00, 403.91, 11.00, 212.77, 11.00, 213.74, 11.00, 217.21, 11.00, 369.09
CPT_6458, 11.02, 402.21, 11.02, 213.59, 11.02, 215.01, 11.02, 218.14, 11.02, 370.31
CPT_6458, 11.04, 384.93, 11.04, 212.41, 11.04, 212.63, 11.04, 218.03, 11.04, 368.99
CPT_6458, 11.06, 368.13, 11.06, 210.77, 11.06, 209.99, 11.06, 217.42, 11.06, 367.06
CPT_6458, 11.08, 362.18, 11.08, 210.36, 11.08, 209.74, 11.08, 217.34, 11.08, 366.69
CPT_6458, 11.10, 353.63, 11.10, 209.52, 11.10, 208.76, 11.10, 217.01, 11.10, 365.76
CPT_6458, 11.12, 348.16, 11.12, 209.10, 11.12, 208.47, 11.12, 216.92, 11.12, 365.37
CPT_6458, 11.14, 352.94, 11.14, 209.97, 11.14, 210.61, 11.14, 217.36, 11.14, 366.64
CPT_6458, 11.16, 360.95, 11.16, 211.25, 11.16, 213.49, 11.16, 217.98, 11.16, 368.42
CPT_6458, 11.18, 372.02, 11.18, 212.49, 11.18, 216.86, 11.18, 218.24, 11.18, 370.12
CPT_6458, 11.20, 379.92, 11.20, 213.29, 11.20, 219.40, 11.20, 218.31, 11.20, 371.28
CPT_6458, 11.22, 389.40, 11.22, 214.05, 11.22, 222.17, 11.22, 218.20, 11.22, 372.40
CPT_6458, 11.24, 403.13, 11.24, 214.74, 11.24, 225.57, 11.24, 217.66, 11.24, 373.47
CPT_6458, 11.26, 409.31, 11.26, 215.05, 11.26, 227.47, 11.26, 217.39, 11.26, 374.07
CPT_6458, 11.28, 417.21, 11.28, 215.33, 11.28, 229.60, 11.28, 216.94, 11.28, 374.66
CPT_6458, 11.30, 424.47, 11.30, 215.16, 11.30, 231.37, 11.30, 216.07, 11.30, 374.74
CPT_6458, 11.32, 438.41, 11.32, 215.24, 11.32, 234.32, 11.32, 215.05, 11.32, 375.27
CPT_6458, 11.34, 449.87, 11.34, 214.44, 11.34, 236.38, 11.34, 213.30, 11.34, 374.81
CPT_6458, 11.36, 468.96, 11.36, 213.79, 11.36, 239.68, 11.36, 211.37, 11.36, 374.79
CPT_6458, 11.38, 526.28, 11.38, 215.75, 11.38, 250.14, 11.38, 210.61, 11.38, 378.92
CPT_6458, 11.40, 578.43, 11.40, 209.62, 11.40, 255.24, 11.40, 202.69, 11.40, 374.76
CPT_6458, 11.42, 620.54, 11.42, 206.94, 11.42, 260.32, 11.42, 199.08, 11.42, 374.11
CPT_6458, 11.44, 695.83, 11.44, 204.09, 11.44, 269.45, 11.44, 195.11, 11.44, 374.80
CPT_6458, 11.46, 806.50, 11.46, 202.09, 11.46, 282.66, 11.46, 192.02, 11.46, 377.76
CPT_6458, 11.48, 820.05, 11.48, 204.60, 11.48, 286.04, 11.48, 193.98, 11.48, 381.06
CPT_6458, 11.50, 774.07, 11.50, 207.89, 11.50, 282.65, 11.50, 197.28, 11.50, 382.77
CPT_6458, 11.52, 678.66, 11.52, 211.77, 11.52, 272.93, 11.52, 202.15, 11.52, 383.00
CPT_6458, 11.54, 574.44, 11.54, 212.41, 11.54, 259.23, 11.54, 205.19, 11.54, 379.68
CPT_6458, 11.56, 471.41, 11.56, 213.24, 11.56, 244.48, 11.56, 210.00, 11.56, 376.70
CPT_6458, 11.58, 407.44, 11.58, 212.33, 11.58, 233.98, 11.58, 212.93, 11.58, 373.76
CPT_6458, 11.60, 370.32, 11.60, 210.58, 11.60, 227.11, 11.60, 213.97, 11.60, 370.96
CPT_6458, 11.62, 333.91, 11.62, 208.03, 11.62, 219.69, 11.62, 214.66, 11.62, 367.37
CPT_6458, 11.64, 320.44, 11.64, 206.33, 11.64, 216.68, 11.64, 214.05, 11.64, 365.16
CPT_6458, 11.66, 303.81, 11.66, 204.11, 11.66, 212.73, 11.66, 213.28, 11.66, 362.21
CPT_6458, 11.68, 299.25, 11.68, 204.13, 11.68, 212.29, 11.68, 213.99, 11.68, 362.42
CPT_6458, 11.70, 297.05, 11.70, 204.61, 11.70, 212.56, 11.70, 215.01, 11.70, 363.28
CPT_6458, 11.72, 296.67, 11.72, 205.53, 11.72, 213.44, 11.72, 216.41, 11.72, 364.77
CPT_6458, 11.74, 296.32, 11.74, 206.42, 11.74, 214.32, 11.74, 217.79, 11.74, 366.23
CPT_6458, 11.76, 293.61, 11.76, 207.27, 11.76, 214.78, 11.76, 219.57, 11.76, 367.70
CPT_6458, 11.78, 296.80, 11.78, 208.57, 11.78, 216.55, 11.78, 220.94, 11.78, 369.68
CPT_6458, 11.80, 304.44, 11.80, 210.72, 11.80, 219.62, 11.80, 222.74, 11.80, 372.71
CPT_6458, 11.82, 306.05, 11.82, 211.93, 11.82, 221.07, 11.82, 224.28, 11.82, 374.57
CPT_6458, 11.84, 306.99, 11.84, 213.11, 11.84, 222.40, 11.84, 225.91, 11.84, 376.39
CPT_6458, 11.86, 307.16, 11.86, 213.87, 11.86, 223.32, 11.86, 227.06, 11.86, 377.64
CPT_6458, 11.88, 307.03, 11.88, 214.61, 11.88, 224.18, 11.88, 228.25, 11.88, 378.88
CPT_6458, 11.90, 304.07, 11.90, 213.84, 11.90, 223.48, 11.90, 227.60, 11.90, 377.99
CPT_6458, 11.92, 303.29, 11.92, 213.13, 11.92, 223.14, 11.92, 226.54, 11.92, 377.05
CPT_6458, 11.94, 294.97, 11.94, 211.09, 11.94, 220.65, 11.94, 225.01, 11.94, 374.49
CPT_6458, 11.96, 286.51, 11.96, 208.98, 11.96, 218.06, 11.96, 223.42, 11.96, 371.79
CPT_6458, 11.98, 287.62, 11.98, 208.64, 11.98, 218.24, 11.98, 222.53, 11.98, 371.30
CPT_6458, 12.00, 197.71, 12.00, 186.94, 12.00, 187.93, 12.00, 209.94, 12.00, 339.94
CPT_6458, 12.02, 247.79, 12.02, 195.82, 12.02, 202.72, 12.02, 210.31, 12.02, 352.64
CPT_6458, 12.04, 234.67, 12.04, 195.56, 12.04, 200.74, 12.04, 213.50, 12.04, 353.05
CPT_6458, 12.06, 235.99, 12.06, 196.09, 12.06, 201.60, 12.06, 214.07, 12.06, 354.02
CPT_6458, 12.08, 243.69, 12.08, 197.76, 12.08, 204.32, 12.08, 214.79, 12.08, 356.52
CPT_6458, 12.10, 244.28, 12.10, 197.79, 12.10, 204.66, 12.10, 214.65, 12.10, 356.65
CPT_6458, 12.12, 243.15, 12.12, 197.31, 12.12, 204.33, 12.12, 214.06, 12.12, 355.98
CPT_6458, 12.14, 242.29, 12.14, 196.34, 12.14, 203.62, 12.14, 212.50, 12.14, 354.45
CPT_6458, 12.16, 241.45, 12.16, 195.84, 12.16, 203.30, 12.16, 211.80, 12.16, 353.74
CPT_6458, 12.18, 245.23, 12.18, 196.41, 12.18, 204.54, 12.18, 211.76, 12.18, 354.67
CPT_6458, 12.20, 248.85, 12.20, 196.96, 12.20, 205.74, 12.20, 211.77, 12.20, 355.58
CPT_6458, 12.22, 252.43, 12.22, 197.51, 12.22, 206.93, 12.22, 211.78, 12.22, 356.49
CPT_6458, 12.24, 254.22, 12.24, 197.51, 12.24, 207.41, 12.24, 211.34, 12.24, 356.59
CPT_6458, 12.26, 258.64, 12.26, 198.02, 12.26, 208.69, 12.26, 211.15, 12.26, 357.47
CPT_6458, 12.28, 269.24, 12.28, 198.95, 12.28, 211.30, 12.28, 210.41, 12.28, 359.02
CPT_6458, 12.30, 277.70, 12.30, 199.84, 12.30, 213.54, 12.30, 210.20, 12.30, 360.57
CPT_6458, 12.32, 285.58, 12.32, 200.70, 12.32, 215.66, 12.32, 210.12, 12.32, 362.10
CPT_6458, 12.34, 324.95, 12.34, 206.16, 12.34, 226.29, 12.34, 212.13, 12.34, 370.71
CPT_6458, 12.36, 346.78, 12.36, 208.73, 12.36, 231.86, 12.36, 212.96, 12.36, 374.91
CPT_6458, 12.38, 352.77, 12.38, 209.42, 12.38, 233.49, 12.38, 213.18, 12.38, 376.16
CPT_6458, 12.40, 344.01, 12.40, 208.82, 12.40, 231.82, 12.40, 213.33, 12.40, 375.23
CPT_6458, 12.42, 322.45, 12.42, 207.25, 12.42, 227.37, 12.42, 213.83, 12.42, 372.60
CPT_6458, 12.44, 308.74, 12.44, 205.19, 12.44, 223.81, 12.44, 212.87, 12.44, 369.69
CPT_6458, 12.46, 297.19, 12.46, 202.94, 12.46, 220.44, 12.46, 211.40, 12.46, 366.55
CPT_6458, 12.48, 285.37, 12.48, 200.61, 12.48, 216.93, 12.48, 209.88, 12.48, 363.20
CPT_6458, 12.50, 274.73, 12.50, 199.29, 12.50, 214.35, 12.50, 209.71, 12.50, 361.21
CPT_6458, 12.52, 267.27, 12.52, 199.53, 12.52, 213.51, 12.52, 211.46, 12.52, 361.50
CPT_6458, 12.54, 262.01, 12.54, 200.70, 12.54, 213.84, 12.54, 214.48, 12.54, 363.32
CPT_6458, 12.56, 259.95, 12.56, 200.73, 12.56, 213.73, 12.56, 215.00, 12.56, 363.51
CPT_6458, 12.58, 252.22, 12.58, 198.72, 12.58, 211.07, 12.58, 213.48, 12.58, 360.62
CPT_6458, 12.60, 240.13, 12.60, 195.56, 12.60, 206.81, 12.60, 211.13, 12.60, 355.89
CPT_6458, 12.62, 232.63, 12.62, 193.36, 12.62, 203.99, 12.62, 209.25, 12.62, 352.50
CPT_6458, 12.64, 228.02, 12.64, 191.64, 12.64, 201.97, 12.64, 207.43, 12.64, 349.80
CPT_6458, 12.66, 228.09, 12.66, 191.02, 12.66, 201.58, 12.66, 206.29, 12.66, 348.91
CPT_6458, 12.68, 228.55, 12.68, 190.37, 12.68, 201.21, 12.68, 205.02, 12.68, 347.98
CPT_6458, 12.70, 242.31, 12.70, 191.83, 12.70, 204.66, 12.70, 204.28, 12.70, 350.83
CPT_6458, 12.72, 254.96, 12.72, 193.85, 12.72, 208.43, 12.72, 204.97, 12.72, 354.50
CPT_6458, 12.74, 258.79, 12.74, 194.28, 12.74, 209.51, 12.74, 204.94, 12.74, 355.46
CPT_6458, 12.76, 187.32, 12.76, 177.81, 12.76, 184.69, 12.76, 193.51, 12.76, 324.96
CPT_6458, 12.78, 225.27, 12.78, 184.56, 12.78, 196.50, 12.78, 196.20, 12.78, 339.59
CPT_6458, 12.80, 233.23, 12.80, 187.97, 12.80, 200.65, 12.80, 200.01, 12.80, 345.38
CPT_6458, 12.82, 236.46, 12.82, 189.98, 12.82, 202.92, 12.82, 202.53, 12.82, 348.68
CPT_6458, 12.84, 241.79, 12.84, 191.08, 12.84, 204.77, 12.84, 203.20, 12.84, 350.74
CPT_6458, 12.86, 247.02, 12.86, 191.45, 12.86, 206.02, 12.86, 202.77, 12.86, 351.74
CPT_6458, 12.88, 261.69, 12.88, 191.76, 12.88, 208.82, 12.88, 200.88, 12.88, 353.48
CPT_6458, 12.90, 275.48, 12.90, 191.98, 12.90, 211.46, 12.90, 199.41, 12.90, 355.19
CPT_6458, 12.92, 299.31, 12.92, 191.75, 12.92, 215.58, 12.92, 196.76, 12.92, 357.54
CPT_6458, 12.94, 327.98, 12.94, 191.48, 12.94, 220.54, 12.94, 194.43, 12.94, 360.57
CPT_6458, 12.96, 358.19, 12.96, 191.62, 12.96, 225.94, 12.96, 193.02, 12.96, 364.21
CPT_6458, 12.98, 369.49, 12.98, 190.01, 12.98, 226.89, 12.98, 190.93, 12.98, 364.14
CPT_6458, 13.00, 377.18, 13.00, 187.99, 13.00, 226.95, 13.00, 188.67, 13.00, 363.35
CPT_6458, 13.02, 397.39, 13.02, 184.14, 13.02, 227.91, 13.02, 184.43, 13.02, 362.34
CPT_6458, 13.04, 406.06, 13.04, 179.95, 13.04, 226.71, 13.04, 180.39, 13.04, 359.84
CPT_6458, 13.06, 402.95, 13.06, 176.31, 13.06, 223.94, 13.06, 177.16, 13.06, 356.53
CPT_6458, 13.08, 395.77, 13.08, 174.12, 13.08, 221.40, 13.08, 175.31, 13.08, 354.01
CPT_6458, 13.10, 381.04, 13.10, 171.90, 13.10, 217.58, 13.10, 173.53, 13.10, 350.48
CPT_6458, 13.12, 376.23, 13.12, 170.20, 13.12, 215.73, 13.12, 172.09, 13.12, 348.63
CPT_6458, 13.14, 373.42, 13.14, 168.10, 13.14, 213.96, 13.14, 170.26, 13.14, 346.66
CPT_6458, 13.16, 368.16, 13.16, 165.06, 13.16, 211.17, 13.16, 167.62, 13.16, 343.52
CPT_6458, 13.18, 364.12, 13.18, 162.95, 13.18, 209.17, 13.18, 165.80, 13.18, 341.35
CPT_6458, 13.20, 357.41, 13.20, 161.23, 13.20, 206.95, 13.20, 164.34, 13.20, 339.12
CPT_6458, 13.22, 360.69, 13.22, 160.40, 13.22, 207.02, 13.22, 163.65, 13.22, 339.17
CPT_6458, 13.24, 351.98, 13.24, 158.95, 13.24, 204.62, 13.24, 162.44, 13.24, 336.87
CPT_6458, 13.26, 346.32, 13.26, 158.34, 13.26, 203.26, 13.26, 161.97, 13.26, 335.75
CPT_6458, 13.28, 338.05, 13.28, 158.22, 13.28, 201.76, 13.28, 161.96, 13.28, 334.64
CPT_6458, 13.30, 333.66, 13.30, 158.89, 13.30, 201.43, 13.30, 162.64, 13.30, 334.84
CPT_6458, 13.32, 326.10, 13.32, 158.67, 13.32, 199.96, 13.32, 162.54, 13.32, 333.69
CPT_6458, 13.34, 317.81, 13.34, 158.62, 13.34, 198.45, 13.34, 162.60, 13.34, 332.53
CPT_6458, 13.36, 306.27, 13.36, 159.28, 13.36, 196.77, 13.36, 163.35, 13.36, 331.40
CPT_6458, 13.38, 298.26, 13.38, 160.84, 13.38, 196.29, 13.38, 164.95, 13.38, 331.68
CPT_6458, 13.40, 287.04, 13.40, 161.52, 13.40, 194.63, 13.40, 165.80, 13.40, 330.53
CPT_6458, 13.42, 282.96, 13.42, 162.28, 13.42, 194.37, 13.42, 166.65, 13.42, 330.73
CPT_6458, 13.44, 279.15, 13.44, 162.98, 13.44, 194.12, 13.44, 167.46, 13.44, 330.93
CPT_6458, 13.46, 273.51, 13.46, 164.11, 13.46, 193.80, 13.46, 168.75, 13.46, 331.18
CPT_6458, 13.48, 266.69, 13.48, 165.52, 13.48, 193.43, 13.48, 170.40, 13.48, 331.46
CPT_6458, 13.50, 270.57, 13.50, 167.57, 13.50, 195.58, 13.50, 172.46, 13.50, 334.49
CPT_6458, 13.52, 283.68, 13.52, 168.93, 13.52, 199.03, 13.52, 173.53, 13.52, 338.50
CPT_6458, 13.54, 299.48, 13.54, 169.58, 13.54, 202.46, 13.54, 173.83, 13.54, 342.17
CPT_6458, 13.56, 306.62, 13.56, 169.28, 13.56, 203.62, 13.56, 173.43, 13.56, 343.37
CPT_6458, 13.58, 291.02, 13.58, 166.90, 13.58, 199.18, 13.58, 171.45, 13.58, 338.65
CPT_6458, 13.60, 274.80, 13.60, 167.45, 13.60, 196.49, 13.60, 172.42, 13.60, 336.37
CPT_6458, 13.62, 254.93, 13.62, 170.35, 13.62, 194.64, 13.62, 176.22, 13.62, 335.57
CPT_6458, 13.64, 244.04, 13.64, 175.38, 13.64, 196.10, 13.64, 182.56, 13.64, 338.87
CPT_6458, 13.66, 227.91, 13.66, 178.51, 13.66, 195.47, 13.66, 187.89, 13.66, 339.49
CPT_6458, 13.68, 218.34, 13.68, 181.24, 13.68, 196.04, 13.68, 192.95, 13.68, 341.31
CPT_6458, 13.70, 210.18, 13.70, 184.27, 13.70, 197.51, 13.70, 199.26, 13.70, 344.39
CPT_6458, 13.72, 215.27, 13.72, 186.34, 13.72, 200.19, 13.72, 201.54, 13.72, 348.11
CPT_6458, 13.74, 227.01, 13.74, 189.30, 13.74, 204.57, 13.74, 203.73, 13.74, 353.62
CPT_6458, 13.76, 237.31, 13.76, 192.19, 13.76, 208.69, 13.76, 206.17, 13.76, 358.68
CPT_6458, 13.78, 245.90, 13.78, 194.34, 13.78, 211.88, 13.78, 207.79, 13.78, 362.44
CPT_6458, 13.80, 255.45, 13.80, 196.30, 13.80, 215.03, 13.80, 208.95, 13.80, 365.94
CPT_6458, 13.82, 258.28, 13.82, 197.41, 13.82, 216.48, 13.82, 210.11, 13.82, 367.74
CPT_6458, 13.84, 250.53, 13.84, 198.70, 13.84, 216.75, 13.84, 213.75, 13.84, 368.96
CPT_6458, 13.86, 246.80, 13.86, 199.54, 13.86, 217.23, 13.86, 216.10, 13.86, 370.05
CPT_6458, 13.88, 252.15, 13.88, 201.63, 13.88, 219.97, 13.88, 218.29, 13.88, 373.29
CPT_6458, 13.90, 253.13, 13.90, 202.70, 13.90, 221.26, 13.90, 219.92, 13.90, 374.97
CPT_6458, 13.92, 253.42, 13.92, 203.24, 13.92, 221.92, 13.92, 220.79, 13.92, 375.86
CPT_6458, 13.94, 259.18, 13.94, 204.63, 13.94, 223.98, 13.94, 221.64, 13.94, 378.08
CPT_6458, 13.96, 263.78, 13.96, 205.50, 13.96, 225.38, 13.96, 221.91, 13.96, 379.54
CPT_6458, 13.98, 262.51, 13.98, 205.01, 13.98, 224.82, 13.98, 221.39, 13.98, 378.97
CPT_6458, 14.00, 261.22, 14.00, 204.52, 14.00, 224.25, 14.00, 220.88, 14.00, 378.40
CPT_6458, 14.02, 259.42, 14.02, 204.05, 14.02, 223.65, 14.02, 220.53, 14.02, 377.84
CPT_6458, 14.04, 258.79, 14.04, 204.08, 14.04, 223.68, 14.04, 220.74, 14.04, 377.98
CPT_6458, 14.06, 259.17, 14.06, 204.60, 14.06, 224.34, 14.06, 221.55, 14.06, 378.85
CPT_6458, 14.08, 263.31, 14.08, 206.02, 14.08, 226.28, 14.08, 222.92, 14.08, 381.05
CPT_6458, 14.10, 273.92, 14.10, 208.67, 14.10, 230.09, 14.10, 224.69, 14.10, 385.04
CPT_6458, 14.12, 286.76, 14.12, 211.58, 14.12, 234.39, 14.12, 226.41, 14.12, 389.36
CPT_6458, 14.14, 308.26, 14.14, 216.22, 14.14, 241.33, 14.14, 229.14, 14.14, 396.04
CPT_6458, 14.16, 320.94, 14.16, 219.19, 14.16, 245.67, 14.16, 231.20, 14.16, 400.21
CPT_6458, 14.18, 326.77, 14.18, 221.09, 14.18, 248.23, 14.18, 232.97, 14.18, 402.79
CPT_6458, 14.20, 325.96, 14.20, 222.01, 14.20, 249.14, 14.20, 234.55, 14.20, 403.96
CPT_6458, 14.22, 318.88, 14.22, 222.74, 14.22, 249.36, 14.22, 237.31, 14.22, 404.78
CPT_6458, 14.24, 317.06, 14.24, 223.20, 14.24, 249.79, 14.24, 238.53, 14.24, 405.46
CPT_6458, 14.26, 311.71, 14.26, 222.55, 14.26, 248.76, 14.26, 238.79, 14.26, 404.74
CPT_6458, 14.28, 312.42, 14.28, 222.93, 14.28, 249.30, 14.28, 239.26, 14.28, 405.35
CPT_6458, 14.30, 316.56, 14.30, 224.00, 14.30, 250.86, 14.30, 240.02, 14.30, 406.86
CPT_6458, 14.32, 318.57, 14.32, 224.34, 14.32, 251.44, 14.32, 240.06, 14.32, 407.43
CPT_6458, 14.34, 322.78, 14.34, 225.00, 14.34, 252.53, 14.34, 240.10, 14.34, 408.41
CPT_6458, 14.36, 218.39, 14.36, 199.24, 14.36, 217.62, 14.36, 226.76, 14.36, 373.35
CPT_6458, 14.38, 265.63, 14.38, 212.14, 14.38, 234.52, 14.38, 233.66, 14.38, 391.69
CPT_6458, 14.40, 291.40, 14.40, 218.19, 14.40, 242.95, 14.40, 236.63, 14.40, 399.91
CPT_6458, 14.42, 300.41, 14.42, 221.62, 14.42, 247.57, 14.42, 240.30, 14.42, 404.60
CPT_6458, 14.44, 302.76, 14.44, 222.73, 14.44, 249.10, 14.44, 241.67, 14.44, 406.20
CPT_6458, 14.46, 305.15, 14.46, 223.82, 14.46, 250.62, 14.46, 243.00, 14.46, 407.77
CPT_6458, 14.48, 306.46, 14.48, 224.54, 14.48, 251.63, 14.48, 243.96, 14.48, 408.85
CPT_6458, 14.50, 312.03, 14.50, 225.95, 14.50, 253.64, 14.50, 244.86, 14.50, 410.75
CPT_6458, 14.52, 316.42, 14.52, 227.00, 14.52, 255.14, 14.52, 245.44, 14.52, 412.17
CPT_6458, 14.54, 320.49, 14.54, 228.02, 14.54, 256.62, 14.54, 246.09, 14.54, 413.58
CPT_6458, 14.56, 322.60, 14.56, 228.71, 14.56, 257.61, 14.56, 246.72, 14.56, 414.56
CPT_6458, 14.58, 321.92, 14.58, 228.72, 14.58, 257.67, 14.58, 246.94, 14.58, 414.72
CPT_6458, 14.60, 322.80, 14.60, 229.07, 14.60, 258.19, 14.60, 247.31, 14.60, 415.28
CPT_6458, 14.62, 323.86, 14.62, 229.41, 14.62, 258.71, 14.62, 247.60, 14.62, 415.83
CPT_6458, 14.64, 324.87, 14.64, 229.75, 14.64, 259.23, 14.64, 247.92, 14.64, 416.38
CPT_6458, 14.66, 326.22, 14.66, 230.09, 14.66, 259.75, 14.66, 248.12, 14.66, 416.92
CPT_6458, 14.68, 327.00, 14.68, 230.43, 14.68, 260.26, 14.68, 248.50, 14.68, 417.47
CPT_6458, 14.70, 328.76, 14.70, 230.75, 14.70, 260.78, 14.70, 248.56, 14.70, 418.00
CPT_6458, 14.72, 333.30, 14.72, 231.38, 14.72, 261.75, 14.72, 248.34, 14.72, 418.87
CPT_6458, 14.74, 339.97, 14.74, 232.28, 14.74, 263.16, 14.74, 248.06, 14.74, 420.10
CPT_6458, 14.76, 343.63, 14.76, 232.51, 14.76, 263.66, 14.76, 247.49, 14.76, 420.56
CPT_6458, 14.78, 348.59, 14.78, 233.03, 14.78, 264.59, 14.78, 247.14, 14.78, 421.39
CPT_6458, 14.80, 349.73, 14.80, 232.97, 14.80, 264.63, 14.80, 246.75, 14.80, 421.49
CPT_6458, 14.82, 351.56, 14.82, 232.86, 14.82, 264.67, 14.82, 246.15, 14.82, 421.58
CPT_6458, 14.84, 352.55, 14.84, 232.79, 14.84, 264.70, 14.84, 245.80, 14.84, 421.68
CPT_6458, 14.86, 348.18, 14.86, 231.88, 14.86, 263.41, 14.86, 245.27, 14.86, 420.67
CPT_6458, 14.88, 342.07, 14.88, 230.66, 14.88, 261.65, 14.88, 244.65, 14.88, 419.25
CPT_6458, 14.90, 340.50, 14.90, 230.34, 14.90, 261.24, 14.90, 244.48, 14.90, 418.99
CPT_6458, 14.92, 336.71, 14.92, 229.76, 14.92, 260.37, 14.92, 244.39, 14.92, 418.35
CPT_6458, 14.94, 333.46, 14.94, 229.92, 14.94, 260.43, 14.94, 245.46, 14.94, 418.58
CPT_6458, 14.96, 327.43, 14.96, 229.40, 14.96, 259.59, 14.96, 246.18, 14.96, 417.99
CPT_6458, 14.98, 323.11, 14.98, 229.17, 14.98, 259.21, 14.98, 247.00, 14.98, 417.80
CPT_6458, 15.00, 318.15, 15.00, 228.56, 15.00, 258.37, 15.00, 247.39, 15.00, 417.18
CPT_6458, 15.02, 317.26, 15.02, 228.58, 15.02, 258.42, 15.02, 247.70, 15.02, 417.34
CPT_6458, 15.04, 316.61, 15.04, 228.60, 15.04, 258.48, 15.04, 247.93, 15.04, 417.49
CPT_6458, 15.06, 313.61, 15.06, 228.63, 15.06, 258.59, 15.06, 249.04, 15.06, 417.72
CPT_6458, 15.08, 312.98, 15.08, 228.98, 15.08, 259.14, 15.08, 249.99, 15.08, 418.33
CPT_6458, 15.10, 329.63, 15.10, 233.22, 15.10, 264.99, 15.10, 252.70, 15.10, 423.67
CPT_6458, 15.12, 221.07, 15.12, 204.12, 15.12, 228.23, 15.12, 238.85, 15.12, 386.97
CPT_6458, 15.14, 260.68, 15.14, 216.20, 15.14, 242.82, 15.14, 244.88, 15.14, 402.91
CPT_6458, 15.16, 269.97, 15.16, 218.71, 15.16, 245.97, 15.16, 245.94, 15.16, 406.15
CPT_6458, 15.18, 277.66, 15.18, 221.03, 15.18, 249.09, 15.18, 247.60, 15.18, 409.29
CPT_6458, 15.20, 281.20, 15.20, 222.16, 15.20, 250.65, 15.20, 248.52, 15.20, 410.89
CPT_6458, 15.22, 284.32, 15.22, 223.25, 15.22, 252.21, 15.22, 249.60, 15.22, 412.47
CPT_6458, 15.24, 288.99, 15.24, 224.41, 15.24, 253.69, 15.24, 249.98, 15.24, 413.95
CPT_6458, 15.26, 296.96, 15.26, 226.26, 15.26, 256.06, 15.26, 250.50, 15.26, 416.28
CPT_6458, 15.28, 308.34, 15.28, 228.74, 15.28, 259.26, 15.28, 251.07, 15.28, 419.34
CPT_6458, 15.30, 316.59, 15.30, 230.42, 15.30, 261.49, 15.30, 251.40, 15.30, 421.48
CPT_6458, 15.32, 322.65, 15.32, 231.38, 15.32, 262.77, 15.32, 251.14, 15.32, 422.75
CPT_6458, 15.34, 329.73, 15.34, 231.89, 15.34, 263.50, 15.34, 249.81, 15.34, 423.52
CPT_6458, 15.36, 331.28, 15.36, 231.82, 15.36, 263.45, 15.36, 249.20, 15.36, 423.60
CPT_6458, 15.38, 332.24, 15.38, 231.77, 15.38, 263.43, 15.38, 248.81, 15.38, 423.70
CPT_6458, 15.40, 326.43, 15.40, 230.53, 15.40, 261.70, 15.40, 248.19, 15.40, 422.25
CPT_6458, 15.42, 319.98, 15.42, 229.29, 15.42, 259.98, 15.42, 247.80, 15.42, 420.77
CPT_6458, 15.44, 313.10, 15.44, 228.02, 15.44, 258.26, 15.44, 247.57, 15.44, 419.27
CPT_6458, 15.46, 306.57, 15.46, 226.71, 15.46, 256.49, 15.46, 247.19, 15.46, 417.71
CPT_6458, 15.48, 304.20, 15.48, 226.02, 15.48, 255.56, 15.48, 246.61, 15.48, 416.94
CPT_6458, 15.50, 302.98, 15.50, 225.67, 15.50, 255.10, 15.50, 246.32, 15.50, 416.62
CPT_6458, 15.52, 303.00, 15.52, 225.67, 15.52, 255.12, 15.52, 246.30, 15.52, 416.74
CPT_6458, 15.54, 305.49, 15.54, 226.37, 15.54, 256.09, 15.54, 246.80, 15.54, 417.77
CPT_6458, 15.56, 305.01, 15.56, 226.38, 15.56, 256.14, 15.56, 246.98, 15.56, 417.91
CPT_6458, 15.58, 304.57, 15.58, 226.01, 15.58, 255.63, 15.58, 246.36, 15.58, 417.56
CPT_6458, 15.60, 304.26, 15.60, 225.62, 15.60, 255.10, 15.60, 245.68, 15.60, 417.20
CPT_6458, 15.62, 305.48, 15.62, 225.56, 15.62, 255.02, 15.62, 245.13, 15.62, 417.28
CPT_6458, 15.64, 302.37, 15.64, 224.47, 15.64, 253.53, 15.64, 244.03, 15.64, 416.01
CPT_6458, 15.66, 303.24, 15.66, 224.41, 15.66, 253.47, 15.66, 243.63, 15.66, 416.10
CPT_6458, 15.68, 301.32, 15.68, 223.65, 15.68, 252.45, 15.68, 242.79, 15.68, 415.26
CPT_6458, 15.70, 298.47, 15.70, 222.95, 15.70, 251.49, 15.70, 242.35, 15.70, 414.45
CPT_6458, 15.72, 294.54, 15.72, 221.86, 15.72, 250.00, 15.72, 241.52, 15.72, 413.13
CPT_6458, 15.74, 290.68, 15.74, 220.75, 15.74, 248.48, 15.74, 240.63, 15.74, 411.77
CPT_6458, 15.76, 288.43, 15.76, 219.97, 15.76, 247.43, 15.76, 239.87, 15.76, 410.87
CPT_6458, 15.78, 287.51, 15.78, 219.55, 15.78, 246.87, 15.78, 239.37, 15.78, 410.46
CPT_6458, 15.80, 286.85, 15.80, 218.62, 15.80, 245.63, 15.80, 237.83, 15.80, 409.47
CPT_6458, 15.82, 285.93, 15.82, 218.18, 15.82, 245.05, 15.82, 237.30, 15.82, 409.05
CPT_6458, 15.84, 303.19, 15.84, 221.96, 15.84, 250.40, 15.84, 239.19, 15.84, 414.60
CPT_6458, 15.86, 277.22, 15.86, 215.90, 15.86, 241.92, 15.86, 235.73, 15.86, 406.08
CPT_6458, 15.88, 261.23, 15.88, 212.00, 15.88, 236.59, 15.88, 233.58, 15.88, 400.50
CPT_6458, 15.90, 251.50, 15.90, 209.50, 15.90, 233.24, 15.90, 232.16, 15.90, 396.91
CPT_6458, 15.92, 248.04, 15.92, 208.65, 15.92, 232.12, 15.92, 231.75, 15.92, 395.75
CPT_6458, 15.94, 249.90, 15.94, 209.05, 15.94, 232.65, 15.94, 231.84, 15.94, 396.50
CPT_6458, 15.96, 251.76, 15.96, 209.45, 15.96, 233.18, 15.96, 231.93, 15.96, 397.25
CPT_6458, 15.98, 256.66, 15.98, 210.69, 15.98, 234.84, 15.98, 232.59, 15.98, 399.24
CPT_6458, 16.00, 259.02, 16.00, 212.11, 16.00, 236.83, 16.00, 234.57, 16.00, 401.30
CPT_6458, 16.02, 266.97, 16.02, 215.61, 16.02, 241.69, 16.02, 238.70, 16.02, 406.25
CPT_6458, 16.04, 274.22, 16.04, 219.35, 16.04, 247.11, 16.04, 243.79, 16.04, 411.47
CPT_6458, 16.06, 279.85, 16.06, 222.81, 16.06, 252.44, 16.06, 249.29, 16.06, 416.39
CPT_6458, 16.08, 281.72, 16.08, 224.55, 16.08, 255.46, 16.08, 252.82, 16.08, 419.09
CPT_6458, 16.10, 270.12, 16.10, 222.34, 16.10, 253.81, 16.10, 254.52, 16.10, 417.08
CPT_6458, 16.12, 248.09, 16.12, 215.74, 16.12, 246.13, 16.12, 251.56, 16.12, 409.02
CPT_6458, 16.14, 236.46, 16.14, 212.08, 16.14, 242.18, 16.14, 250.23, 16.14, 404.63
CPT_6458, 16.16, 227.92, 16.16, 209.23, 16.16, 239.10, 16.16, 249.01, 16.16, 401.11
CPT_6458, 16.18, 228.22, 16.18, 209.32, 16.18, 239.09, 16.18, 248.83, 16.18, 401.22
CPT_6458, 16.20, 237.04, 16.20, 212.27, 16.20, 242.22, 16.20, 249.92, 16.20, 404.96
CPT_6458, 16.22, 244.51, 16.22, 214.86, 16.22, 245.49, 16.22, 251.76, 16.22, 408.57
CPT_6458, 16.24, 256.90, 16.24, 218.99, 16.24, 250.67, 16.24, 254.54, 16.24, 414.10
CPT_6458, 16.26, 266.83, 16.26, 222.16, 16.26, 254.62, 16.26, 256.50, 16.26, 418.23
CPT_6458, 16.28, 273.04, 16.28, 224.09, 16.28, 257.02, 16.28, 257.63, 16.28, 420.73
CPT_6458, 16.30, 276.87, 16.30, 225.25, 16.30, 258.43, 16.30, 258.22, 16.30, 422.24
CPT_6458, 16.32, 278.39, 16.32, 225.67, 16.32, 258.88, 16.32, 258.28, 16.32, 422.80
CPT_6458, 16.34, 282.59, 16.34, 226.83, 16.34, 260.20, 16.34, 258.63, 16.34, 424.25
CPT_6458, 16.36, 287.05, 16.36, 227.99, 16.36, 261.46, 16.36, 258.83, 16.36, 425.66
CPT_6458, 16.38, 290.71, 16.38, 228.79, 16.38, 262.19, 16.38, 258.57, 16.38, 426.59
CPT_6458, 16.40, 292.95, 16.40, 229.21, 16.40, 262.50, 16.40, 258.22, 16.40, 427.10
CPT_6458, 16.42, 295.36, 16.42, 229.62, 16.42, 262.77, 16.42, 257.79, 16.42, 427.59
CPT_6458, 16.44, 298.77, 16.44, 230.02, 16.44, 262.88, 16.44, 256.82, 16.44, 428.04
CPT_6458, 16.46, 300.77, 16.46, 230.37, 16.46, 263.21, 16.46, 256.60, 16.46, 428.55
CPT_6458, 16.48, 299.75, 16.48, 230.05, 16.48, 262.74, 16.48, 256.27, 16.48, 428.24
CPT_6458, 16.50, 295.38, 16.50, 229.04, 16.50, 261.53, 16.50, 256.00, 16.50, 427.12
CPT_6458, 16.52, 290.80, 16.52, 228.01, 16.52, 260.34, 16.52, 255.84, 16.52, 425.97
CPT_6458, 16.54, 289.09, 16.54, 227.66, 16.54, 259.97, 16.54, 255.87, 16.54, 425.68
CPT_6458, 16.56, 289.06, 16.56, 227.67, 16.56, 259.98, 16.56, 255.87, 16.56, 425.80
CPT_6458, 16.58, 293.67, 16.58, 228.39, 16.58, 260.51, 16.58, 255.10, 16.58, 426.70
CPT_6458, 16.60, 298.08, 16.60, 229.06, 16.60, 261.06, 16.60, 254.44, 16.60, 427.60
CPT_6458, 16.62, 298.60, 16.62, 229.05, 16.62, 260.96, 16.62, 254.13, 16.62, 427.69
CPT_6458, 16.64, 297.43, 16.64, 229.08, 16.64, 261.16, 16.64, 254.74, 16.64, 427.87
CPT_6458, 16.66, 294.25, 16.66, 228.76, 16.66, 261.06, 16.66, 255.58, 16.66, 427.65
CPT_6458, 16.68, 301.29, 16.68, 230.79, 16.68, 263.75, 16.68, 256.95, 16.68, 430.34
CPT_6458, 16.70, 311.57, 16.70, 231.10, 16.70, 263.18, 16.70, 253.14, 16.70, 430.93
CPT_6458, 16.72, 296.29, 16.72, 227.99, 16.72, 259.29, 16.72, 252.58, 16.72, 426.92
CPT_6458, 16.74, 284.50, 16.74, 226.03, 16.74, 257.42, 16.74, 253.72, 16.74, 424.55
CPT_6458, 16.76, 272.87, 16.76, 222.78, 16.76, 253.28, 16.76, 251.87, 16.76, 420.40
CPT_6458, 16.78, 264.07, 16.78, 220.14, 16.78, 249.85, 16.78, 250.09, 16.78, 416.97
CPT_6458, 16.80, 258.38, 16.80, 218.20, 16.80, 247.17, 16.80, 248.32, 16.80, 414.39
CPT_6458, 16.82, 254.19, 16.82, 216.62, 16.82, 244.86, 16.82, 246.57, 16.82, 412.23
CPT_6458, 16.84, 251.97, 16.84, 215.82, 16.84, 243.71, 16.84, 245.73, 16.84, 411.19
CPT_6458, 16.86, 252.26, 16.86, 215.83, 16.86, 243.63, 16.86, 245.51, 16.86, 411.29
CPT_6458, 16.88, 255.48, 16.88, 216.64, 16.88, 244.52, 16.88, 245.65, 16.88, 412.50
CPT_6458, 16.90, 257.78, 16.90, 217.03, 16.90, 244.77, 16.90, 245.24, 16.90, 413.12
CPT_6458, 16.92, 258.37, 16.92, 217.01, 16.92, 244.60, 16.92, 244.82, 16.92, 413.20
CPT_6458, 16.94, 255.39, 16.94, 216.66, 16.94, 244.50, 16.94, 245.64, 16.94, 412.85
CPT_6458, 16.96, 250.33, 16.96, 215.85, 16.96, 244.08, 16.96, 246.73, 16.96, 411.97
CPT_6458, 16.98, 243.66, 16.98, 214.50, 16.98, 243.26, 16.98, 247.85, 16.98, 410.51
CPT_6458, 17.00, 239.75, 17.00, 213.87, 17.00, 243.49, 17.00, 249.49, 17.00, 410.19
CPT_6458, 17.02, 235.30, 17.02, 212.78, 17.02, 243.00, 17.02, 250.35, 17.02, 409.22
CPT_6458, 17.04, 234.61, 17.04, 212.91, 17.04, 244.15, 17.04, 252.17, 17.04, 410.07
CPT_6458, 17.06, 235.64, 17.06, 213.33, 17.06, 244.77, 17.06, 252.64, 17.06, 410.80
CPT_6458, 17.08, 243.38, 17.08, 215.98, 17.08, 247.82, 17.08, 254.12, 17.08, 414.39
CPT_6458, 17.10, 252.26, 17.10, 218.92, 17.10, 251.28, 17.10, 255.77, 17.10, 418.33
CPT_6458, 17.12, 258.65, 17.12, 220.97, 17.12, 253.65, 17.12, 256.82, 17.12, 421.03
CPT_6458, 17.14, 262.36, 17.14, 222.16, 17.14, 255.08, 17.14, 257.49, 17.14, 422.66
CPT_6458, 17.16, 266.27, 17.16, 223.35, 17.16, 256.42, 17.16, 257.99, 17.16, 424.24
CPT_6458, 17.18, 263.57, 17.18, 222.59, 17.18, 255.56, 17.18, 257.71, 17.18, 423.39
CPT_6458, 17.20, 260.35, 17.20, 221.49, 17.20, 254.02, 17.20, 256.69, 17.20, 421.98
CPT_6458, 17.22, 255.78, 17.22, 219.98, 17.22, 251.98, 17.22, 255.47, 17.22, 420.01
CPT_6458, 17.24, 253.78, 17.24, 219.25, 17.24, 250.86, 17.24, 254.61, 17.24, 419.04
CPT_6458, 17.26, 251.22, 17.26, 218.45, 17.26, 249.89, 17.26, 254.15, 17.26, 418.09
CPT_6458, 17.28, 250.24, 17.28, 218.09, 17.28, 249.30, 17.28, 253.68, 17.28, 417.64
CPT_6458, 17.30, 255.15, 17.30, 218.74, 17.30, 248.64, 17.30, 251.20, 17.30, 418.07
CPT_6458, 17.32, 257.43, 17.32, 218.78, 17.32, 247.91, 17.32, 249.50, 17.32, 418.04
CPT_6458, 17.34, 257.52, 17.34, 218.37, 17.34, 246.95, 17.34, 248.23, 17.34, 417.52
CPT_6458, 17.36, 255.10, 17.36, 217.58, 17.36, 245.87, 17.36, 247.56, 17.36, 416.52
CPT_6458, 17.38, 254.06, 17.38, 217.60, 17.38, 246.18, 17.38, 248.30, 17.38, 416.70
CPT_6458, 17.40, 250.89, 17.40, 217.21, 17.40, 246.28, 17.40, 249.43, 17.40, 416.37
CPT_6458, 17.42, 243.54, 17.42, 215.82, 17.42, 245.98, 17.42, 251.39, 17.42, 415.01
CPT_6458, 17.44, 239.45, 17.44, 214.85, 17.44, 245.53, 17.44, 252.13, 17.44, 414.07
CPT_6458, 17.46, 234.62, 17.46, 213.43, 17.46, 244.40, 17.46, 252.20, 17.46, 412.46
CPT_6458, 17.48, 231.64, 17.48, 212.50, 17.48, 243.54, 17.48, 252.03, 17.48, 411.38
CPT_6458, 17.50, 230.67, 17.50, 212.13, 17.50, 242.90, 17.50, 251.49, 17.50, 410.85
CPT_6458, 17.52, 230.48, 17.52, 211.87, 17.52, 241.93, 17.52, 250.24, 17.52, 410.26
CPT_6458, 17.54, 171.98, 17.54, 188.89, 17.54, 216.40, 17.54, 235.00, 17.54, 374.35
CPT_6458, 17.56, 195.98, 17.56, 198.84, 17.56, 225.56, 17.56, 239.70, 17.56, 390.35
CPT_6458, 17.58, 211.92, 17.58, 204.37, 17.58, 230.54, 17.58, 241.10, 17.58, 398.47
CPT_6458, 17.60, 219.37, 17.60, 206.86, 17.60, 233.16, 17.60, 242.17, 17.60, 402.24
CPT_6458, 17.62, 227.04, 17.62, 209.23, 17.62, 235.59, 17.62, 242.92, 17.62, 405.78
CPT_6458, 17.64, 235.79, 17.64, 211.90, 17.64, 238.58, 17.64, 244.09, 17.64, 409.79
CPT_6458, 17.66, 240.35, 17.66, 213.17, 17.66, 239.93, 17.66, 244.44, 17.66, 411.74
CPT_6458, 17.68, 241.88, 17.68, 213.59, 17.68, 240.35, 17.68, 244.52, 17.68, 412.45
CPT_6458, 17.70, 242.07, 17.70, 213.58, 17.70, 240.23, 17.70, 244.32, 17.70, 412.55
CPT_6458, 17.72, 234.46, 17.72, 211.93, 17.72, 239.01, 17.72, 245.11, 17.72, 410.32
CPT_6458, 17.74, 230.78, 17.74, 211.45, 17.74, 239.47, 17.74, 246.90, 17.74, 409.97
CPT_6458, 17.76, 227.49, 17.76, 210.86, 17.76, 239.82, 17.76, 248.42, 17.76, 409.58
CPT_6458, 17.78, 224.74, 17.78, 210.25, 17.78, 239.96, 17.78, 249.51, 17.78, 409.15
CPT_6458, 17.80, 222.64, 17.80, 209.68, 17.80, 239.81, 17.80, 250.00, 17.80, 408.66
CPT_6458, 17.82, 219.38, 17.82, 208.64, 17.82, 239.06, 17.82, 250.07, 17.82, 407.48
CPT_6458, 17.84, 219.19, 17.84, 208.62, 17.84, 239.15, 17.84, 250.26, 17.84, 407.61
CPT_6458, 17.86, 221.12, 17.86, 209.46, 17.86, 240.56, 17.86, 251.49, 17.86, 409.12
CPT_6458, 17.88, 221.51, 17.88, 209.75, 17.88, 241.54, 17.88, 252.68, 17.88, 409.97
CPT_6458, 17.90, 225.14, 17.90, 211.13, 17.90, 243.21, 17.90, 253.69, 17.90, 412.04
CPT_6458, 17.92, 231.67, 17.92, 213.48, 17.92, 245.66, 17.92, 254.79, 17.92, 415.25
CPT_6458, 17.94, 237.26, 17.94, 215.35, 17.94, 247.40, 17.94, 255.27, 17.94, 417.70
CPT_6458, 17.96, 243.03, 17.96, 217.18, 17.96, 249.00, 17.96, 255.53, 17.96, 420.05
CPT_6458, 17.98, 248.54, 17.98, 218.25, 17.98, 248.61, 17.98, 253.33, 17.98, 421.06
CPT_6458, 18.00, 255.66, 18.00, 219.86, 18.00, 249.60, 18.00, 252.46, 18.00, 423.20
CPT_6458, 18.02, 257.54, 18.02, 219.80, 18.02, 248.75, 18.02, 250.84, 18.02, 423.17
CPT_6458, 18.04, 255.66, 18.04, 218.99, 18.04, 247.45, 18.04, 249.76, 18.04, 422.15
CPT_6458, 18.06, 251.78, 18.06, 217.82, 18.06, 245.97, 18.06, 249.02, 18.06, 420.60
CPT_6458, 18.08, 254.24, 18.08, 218.61, 18.08, 246.95, 18.08, 249.56, 18.08, 421.82
CPT_6458, 18.10, 256.55, 18.10, 220.30, 18.10, 250.06, 18.10, 252.83, 18.10, 424.30
CPT_6458, 18.12, 259.04, 18.12, 221.48, 18.12, 252.01, 18.12, 254.56, 18.12, 426.09
CPT_6458, 18.14, 256.72, 18.14, 220.73, 18.14, 250.99, 18.14, 253.96, 18.14, 425.14
CPT_6458, 18.16, 250.95, 18.16, 218.80, 18.16, 248.38, 18.16, 252.35, 18.16, 422.51
CPT_6458, 18.18, 235.62, 18.18, 213.88, 18.18, 242.41, 18.18, 249.34, 18.18, 415.63
CPT_6458, 18.20, 219.93, 18.20, 208.52, 18.20, 235.99, 18.20, 245.88, 18.20, 407.85
CPT_6458, 18.22, 207.81, 18.22, 204.16, 18.22, 230.88, 18.22, 243.01, 18.22, 401.30
CPT_6458, 18.24, 205.59, 18.24, 203.57, 18.24, 230.84, 18.24, 243.68, 18.24, 400.70
CPT_6458, 18.26, 158.92, 18.26, 183.86, 18.26, 210.56, 18.26, 230.51, 18.26, 366.31
CPT_6458, 18.28, 181.55, 18.28, 194.12, 18.28, 220.86, 18.28, 238.02, 18.28, 385.71
CPT_6458, 18.30, 191.52, 18.30, 198.23, 18.30, 225.04, 18.30, 240.50, 18.30, 392.55
CPT_6458, 18.32, 218.42, 18.32, 208.49, 18.32, 236.73, 18.32, 247.39, 18.32, 408.62
CPT_6458, 18.34, 232.76, 18.34, 213.49, 18.34, 242.50, 18.34, 250.43, 18.34, 415.99
CPT_6458, 18.36, 227.32, 18.36, 211.73, 18.36, 240.57, 18.36, 249.62, 18.36, 413.58
CPT_6458, 18.38, 216.58, 18.38, 208.02, 18.38, 236.45, 18.38, 247.63, 18.38, 408.28
CPT_6458, 18.40, 207.31, 18.40, 204.61, 18.40, 232.50, 18.40, 245.39, 18.40, 403.19
CPT_6458, 18.42, 203.50, 18.42, 203.13, 18.42, 230.58, 18.42, 244.08, 18.42, 400.91
CPT_6458, 18.44, 208.69, 18.44, 204.80, 18.44, 231.45, 18.44, 243.63, 18.44, 403.25
CPT_6458, 18.46, 216.36, 18.46, 206.81, 18.46, 232.16, 18.46, 242.22, 18.46, 406.15
CPT_6458, 18.48, 226.66, 18.48, 208.77, 18.48, 232.70, 18.48, 239.90, 18.48, 409.49
CPT_6458, 18.50, 240.38, 18.50, 211.60, 18.50, 235.30, 18.50, 239.31, 18.50, 414.67
CPT_6458, 18.52, 246.91, 18.52, 214.98, 18.52, 240.36, 18.52, 243.82, 18.52, 419.32
CPT_6458, 18.54, 249.85, 18.54, 217.99, 18.54, 245.82, 18.54, 249.81, 18.54, 423.31
CPT_6458, 18.56, 253.86, 18.56, 220.93, 18.56, 251.59, 18.56, 255.86, 18.56, 427.63
CPT_6458, 18.58, 253.59, 18.58, 221.95, 18.58, 255.01, 18.58, 260.22, 18.58, 429.63
CPT_6458, 18.60, 243.53, 18.60, 219.16, 18.60, 253.84, 18.60, 261.75, 18.60, 426.79
CPT_6458, 18.62, 229.94, 18.62, 214.47, 18.62, 250.06, 18.62, 261.11, 18.62, 421.35
CPT_6458, 18.64, 217.11, 18.64, 209.57, 18.64, 245.57, 18.64, 259.37, 18.64, 415.26
CPT_6458, 18.66, 211.86, 18.66, 207.47, 18.66, 243.80, 18.66, 258.74, 18.66, 412.71
CPT_6458, 18.68, 205.68, 18.68, 204.93, 18.68, 241.22, 18.68, 257.36, 18.68, 409.28
CPT_6458, 18.70, 206.97, 18.70, 205.52, 18.70, 241.70, 18.70, 257.57, 18.70, 410.10
CPT_6458, 18.72, 214.59, 18.72, 208.70, 18.72, 244.60, 18.72, 258.93, 18.72, 414.36
CPT_6458, 18.74, 219.90, 18.74, 210.84, 18.74, 246.29, 18.74, 259.44, 18.74, 417.06
CPT_6458, 18.76, 226.40, 18.76, 213.35, 18.76, 248.46, 18.76, 260.20, 18.76, 420.27
CPT_6458, 18.78, 230.55, 18.78, 214.74, 18.78, 248.24, 18.78, 258.67, 18.78, 421.42
CPT_6458, 18.80, 232.00, 18.80, 215.05, 18.80, 247.25, 18.80, 256.99, 18.80, 421.39
CPT_6458, 18.82, 227.36, 18.82, 213.09, 18.82, 243.68, 18.82, 253.88, 18.82, 418.25
CPT_6458, 18.84, 223.69, 18.84, 211.46, 18.84, 240.62, 18.84, 251.13, 18.84, 415.63
CPT_6458, 18.86, 223.59, 18.86, 211.10, 18.86, 239.21, 18.86, 249.40, 18.86, 414.94
CPT_6458, 18.88, 223.43, 18.88, 210.67, 18.88, 237.81, 18.88, 247.71, 18.88, 414.26
CPT_6458, 18.90, 224.26, 18.90, 210.66, 18.90, 237.14, 18.90, 246.66, 18.90, 414.27
CPT_6458, 18.92, 224.40, 18.92, 210.65, 18.92, 236.97, 18.92, 246.43, 18.92, 414.35
CPT_6458, 18.94, 223.23, 18.94, 210.69, 18.94, 237.77, 18.94, 247.78, 18.94, 414.58
CPT_6458, 18.96, 231.45, 18.96, 213.78, 18.96, 241.86, 18.96, 250.55, 18.96, 419.32
CPT_6458, 18.98, 237.54, 18.98, 215.89, 18.98, 244.43, 18.98, 252.04, 18.98, 422.51
CPT_6458, 19.00, 231.97, 19.00, 214.23, 19.00, 242.78, 19.00, 251.59, 19.00, 420.22
CPT_6458, 19.02, 222.77, 19.02, 211.16, 19.02, 239.41, 19.02, 250.05, 19.02, 415.84
CPT_6458, 19.04, 168.70, 19.04, 189.43, 19.04, 212.98, 19.04, 231.87, 19.04, 379.16
CPT_6458, 19.06, 175.82, 19.06, 192.54, 19.06, 216.45, 19.06, 234.46, 19.06, 385.13
CPT_6458, 19.08, 172.75, 19.08, 191.30, 19.08, 215.35, 19.08, 233.89, 19.08, 382.98
CPT_6458, 19.10, 168.29, 19.10, 189.40, 19.10, 213.51, 19.10, 232.72, 19.10, 379.51
CPT_6458, 19.12, 164.09, 19.12, 187.50, 19.12, 211.05, 19.12, 230.64, 19.12, 375.73
CPT_6458, 19.14, 159.94, 19.14, 185.56, 19.14, 208.24, 19.14, 228.07, 19.14, 371.64
CPT_6458, 19.16, 160.12, 19.16, 185.60, 19.16, 207.62, 19.16, 227.29, 19.16, 371.66
CPT_6458, 19.18, 166.42, 19.18, 188.26, 19.18, 209.62, 19.18, 228.40, 19.18, 377.09
CPT_6458, 19.20, 172.65, 19.20, 190.79, 19.20, 211.88, 19.20, 229.71, 19.20, 382.07
CPT_6458, 19.22, 178.81, 19.22, 193.19, 19.22, 214.21, 19.22, 231.06, 19.22, 386.68
CPT_6458, 19.24, 183.35, 19.24, 194.92, 19.24, 215.95, 19.24, 232.06, 19.24, 389.94
CPT_6458, 19.26, 189.22, 19.26, 197.16, 19.26, 218.41, 19.26, 233.58, 19.26, 394.04
CPT_6458, 19.28, 196.39, 19.28, 199.83, 19.28, 221.46, 19.28, 235.47, 19.28, 398.80
CPT_6458, 19.30, 203.15, 19.30, 202.42, 19.30, 224.67, 19.30, 237.64, 19.30, 403.25
CPT_6458, 19.32, 205.12, 19.32, 203.53, 19.32, 226.54, 19.32, 239.45, 19.32, 405.10
CPT_6458, 19.34, 205.58, 19.34, 204.13, 19.34, 227.93, 19.34, 241.08, 19.34, 406.12
CPT_6458, 19.36, 205.87, 19.36, 204.70, 19.36, 229.48, 19.36, 242.94, 19.36, 407.15
CPT_6458, 19.38, 206.63, 19.38, 205.21, 19.38, 230.54, 19.38, 244.07, 19.38, 408.11
CPT_6458, 19.40, 206.13, 19.40, 205.22, 19.40, 230.96, 19.40, 244.77, 19.40, 408.27
CPT_6458, 19.42, 209.68, 19.42, 206.68, 19.42, 232.94, 19.42, 246.26, 19.42, 410.72
CPT_6458, 19.44, 213.09, 19.44, 208.11, 19.44, 234.97, 19.44, 247.85, 19.44, 413.10
CPT_6458, 19.46, 213.89, 19.46, 208.58, 19.46, 235.90, 19.46, 248.80, 19.46, 413.98
CPT_6458, 19.48, 215.87, 19.48, 209.50, 19.48, 237.44, 19.48, 250.17, 19.48, 415.57
CPT_6458, 19.50, 217.22, 19.50, 210.35, 19.50, 239.52, 19.50, 252.38, 19.50, 417.20
CPT_6458, 19.52, 220.39, 19.52, 211.68, 19.52, 241.52, 19.52, 253.97, 19.52, 419.40
CPT_6458, 19.54, 227.67, 19.54, 214.34, 19.54, 244.53, 19.54, 255.66, 19.54, 423.39
CPT_6458, 19.56, 235.06, 19.56, 216.91, 19.56, 247.25, 19.56, 256.96, 19.56, 427.13
CPT_6458, 19.58, 240.01, 19.58, 218.56, 19.58, 248.91, 19.58, 257.65, 19.58, 429.54
CPT_6458, 19.60, 245.09, 19.60, 220.15, 19.60, 250.41, 19.60, 258.12, 19.60, 431.85
CPT_6458, 19.62, 249.64, 19.62, 221.69, 19.62, 252.25, 19.62, 259.14, 19.62, 434.14
CPT_6458, 19.64, 254.17, 19.64, 223.20, 19.64, 254.03, 19.64, 260.11, 19.64, 436.35
CPT_6458, 19.66, 258.88, 19.66, 224.66, 19.66, 255.61, 19.66, 260.79, 19.66, 438.48
CPT_6458, 19.68, 263.62, 19.68, 226.07, 19.68, 257.09, 19.68, 261.35, 19.68, 440.54
CPT_6458, 19.70, 267.37, 19.70, 227.07, 19.70, 257.99, 19.70, 261.49, 19.70, 442.06
CPT_6458, 19.72, 269.93, 19.72, 227.70, 19.72, 258.48, 19.72, 261.46, 19.72, 443.07
CPT_6458, 19.74, 271.98, 19.74, 228.39, 19.74, 259.35, 19.74, 262.00, 19.74, 444.13
CPT_6458, 19.76, 272.62, 19.76, 228.78, 19.76, 260.01, 19.76, 262.65, 19.76, 444.74
CPT_6458, 19.78, 270.83, 19.78, 228.51, 19.78, 260.01, 19.78, 263.11, 19.78, 444.44
CPT_6458, 19.80, 268.88, 19.80, 228.25, 19.80, 260.14, 19.80, 263.78, 19.80, 444.16
CPT_6458, 19.82, 265.93, 19.82, 227.61, 19.82, 259.77, 19.82, 264.12, 19.82, 443.38
CPT_6458, 19.84, 263.34, 19.84, 226.93, 19.84, 259.12, 19.84, 264.05, 19.84, 442.56
CPT_6458, 19.86, 190.75, 19.86, 200.69, 19.86, 230.73, 19.86, 249.24, 19.86, 404.52
CPT_6458, 19.88, 224.12, 19.88, 212.73, 19.88, 239.75, 19.88, 251.30, 19.88, 422.28
CPT_6458, 19.90, 229.32, 19.90, 215.36, 19.90, 244.74, 19.90, 255.94, 19.90, 426.47
CPT_6458, 19.92, 231.93, 19.92, 216.60, 19.92, 247.04, 19.92, 258.03, 19.92, 428.51
CPT_6458, 19.94, 232.88, 19.94, 217.01, 19.94, 247.66, 19.94, 258.55, 19.94, 429.23
CPT_6458, 19.96, 232.43, 19.96, 216.63, 19.96, 246.36, 19.96, 257.15, 19.96, 428.64
CPT_6458, 19.98, 231.93, 19.98, 216.21, 19.98, 245.09, 19.98, 255.80, 19.98, 428.04
CPT_6458, 20.00, 234.06, 20.00, 216.56, 20.00, 244.53, 20.00, 254.61, 20.00, 428.63
