File Name, Depth, Hegazy Vs, Andrus Vs,  Rob Vs, Mc15 Vs,  Mc18 Vs
CPT_6458, 10.66, 1303.85,  214.37,  251.80, 206.44,  371.38
CPT_6458, 10.68, 1057.50,  208.26,  229.74, 203.41,  362.77
CPT_6458, 10.70, 659.82,  206.51,  203.92, 206.38,  358.92
CPT_6458, 10.72, 575.85,  205.36,  201.36, 206.32,  357.38
CPT_6458, 10.74, 545.52,  205.37,  203.13, 206.43,  357.55
CPT_6458, 10.76, 508.06,  205.51,  202.36, 207.28,  357.78
CPT_6458, 10.78, 488.15,  206.01,  203.27, 208.08,  358.58
CPT_6458, 10.80, 474.42,  206.50,  204.48, 208.73,  359.37
CPT_6458, 10.82, 469.74,  207.38,  206.79, 209.47,  360.71
CPT_6458, 10.84, 458.93,  207.86,  207.68, 210.16,  361.48
CPT_6458, 10.86, 452.62,  208.30,  209.00, 210.63,  362.23
CPT_6458, 10.88, 448.29,  209.19,  210.61, 211.53,  363.54
CPT_6458, 10.90, 433.52,  210.14,  210.36, 213.23,  364.90
CPT_6458, 10.92, 428.64,  211.01,  211.56, 214.27,  366.19
CPT_6458, 10.94, 420.93,  211.88,  212.18, 215.56,  367.47
CPT_6458, 10.96, 409.34,  211.92,  211.68, 216.23,  367.69
CPT_6458, 10.98, 403.03,  211.94,  211.96, 216.52,  367.88
CPT_6458, 11.00, 403.91,  212.77,  213.74, 217.21,  369.09
CPT_6458, 11.02, 402.21,  213.59,  215.01, 218.14,  370.31
CPT_6458, 11.04, 384.93,  212.41,  212.63, 218.03,  368.99
CPT_6458, 11.06, 368.13,  210.77,  209.99, 217.42,  367.06
CPT_6458, 11.08, 362.18,  210.36,  209.74, 217.34,  366.69
CPT_6458, 11.10, 353.63,  209.52,  208.76, 217.01,  365.76
CPT_6458, 11.12, 348.16,  209.10,  208.47, 216.92,  365.37
CPT_6458, 11.14, 352.94,  209.97,  210.61, 217.36,  366.64
CPT_6458, 11.16, 360.95,  211.25,  213.49, 217.98,  368.42
CPT_6458, 11.18, 372.02,  212.49,  216.86, 218.24,  370.12
CPT_6458, 11.20, 379.92,  213.29,  219.40, 218.31,  371.28
CPT_6458, 11.22, 389.40,  214.05,  222.17, 218.20,  372.40
CPT_6458, 11.24, 403.13,  214.74,  225.57, 217.66,  373.47
CPT_6458, 11.26, 409.31,  215.05,  227.47, 217.39,  374.07
CPT_6458, 11.28, 417.21,  215.33,  229.60, 216.94,  374.66
CPT_6458, 11.30, 424.47,  215.16,  231.37, 216.07,  374.74
CPT_6458, 11.32, 438.41,  215.24,  234.32, 215.05,  375.27
CPT_6458, 11.34, 449.87,  214.44,  236.38, 213.30,  374.81
CPT_6458, 11.36, 468.96,  213.79,  239.68, 211.37,  374.79
CPT_6458, 11.38, 526.28,  215.75,  250.14, 210.61,  378.92
CPT_6458, 11.40, 578.43,  209.62,  255.24, 202.69,  374.76
CPT_6458, 11.42, 620.54,  206.94,  260.32, 199.08,  374.11
CPT_6458, 11.44, 695.83,  204.09,  269.45, 195.11,  374.80
CPT_6458, 11.46, 806.50,  202.09,  282.66, 192.02,  377.76
CPT_6458, 11.48, 820.05,  204.60,  286.04, 193.98,  381.06
CPT_6458, 11.50, 774.07,  207.89,  282.65, 197.28,  382.77
CPT_6458, 11.52, 678.66,  211.77,  272.93, 202.15,  383.00
CPT_6458, 11.54, 574.44,  212.41,  259.23, 205.19,  379.68
CPT_6458, 11.56, 471.41,  213.24,  244.48, 210.00,  376.70
CPT_6458, 11.58, 407.44,  212.33,  233.98, 212.93,  373.76
CPT_6458, 11.60, 370.32,  210.58,  227.11, 213.97,  370.96
CPT_6458, 11.62, 333.91,  208.03,  219.69, 214.66,  367.37
CPT_6458, 11.64, 320.44,  206.33,  216.68, 214.05,  365.16
CPT_6458, 11.66, 303.81,  204.11,  212.73, 213.28,  362.21
CPT_6458, 11.68, 299.25,  204.13,  212.29, 213.99,  362.42
CPT_6458, 11.70, 297.05,  204.61,  212.56, 215.01,  363.28
CPT_6458, 11.72, 296.67,  205.53,  213.44, 216.41,  364.77
CPT_6458, 11.74, 296.32,  206.42,  214.32, 217.79,  366.23
CPT_6458, 11.76, 293.61,  207.27,  214.78, 219.57,  367.70
CPT_6458, 11.78, 296.80,  208.57,  216.55, 220.94,  369.68
CPT_6458, 11.80, 304.44,  210.72,  219.62, 222.74,  372.71
CPT_6458, 11.82, 306.05,  211.93,  221.07, 224.28,  374.57
CPT_6458, 11.84, 306.99,  213.11,  222.40, 225.91,  376.39
CPT_6458, 11.86, 307.16,  213.87,  223.32, 227.06,  377.64
CPT_6458, 11.88, 307.03,  214.61,  224.18, 228.25,  378.88
CPT_6458, 11.90, 304.07,  213.84,  223.48, 227.60,  377.99
CPT_6458, 11.92, 303.29,  213.13,  223.14, 226.54,  377.05
CPT_6458, 11.94, 294.97,  211.09,  220.65, 225.01,  374.49
CPT_6458, 11.96, 286.51,  208.98,  218.06, 223.42,  371.79
CPT_6458, 11.98, 287.62,  208.64,  218.24, 222.53,  371.30
CPT_6458, 12.00, 197.71,  186.94,  187.93, 209.94,  339.94
CPT_6458, 12.02, 247.79,  195.82,  202.72, 210.31,  352.64
CPT_6458, 12.04, 234.67,  195.56,  200.74, 213.50,  353.05
CPT_6458, 12.06, 235.99,  196.09,  201.60, 214.07,  354.02
CPT_6458, 12.08, 243.69,  197.76,  204.32, 214.79,  356.52
CPT_6458, 12.10, 244.28,  197.79,  204.66, 214.65,  356.65
CPT_6458, 12.12, 243.15,  197.31,  204.33, 214.06,  355.98
CPT_6458, 12.14, 242.29,  196.34,  203.62, 212.50,  354.45
CPT_6458, 12.16, 241.45,  195.84,  203.30, 211.80,  353.74
CPT_6458, 12.18, 245.23,  196.41,  204.54, 211.76,  354.67
CPT_6458, 12.20, 248.85,  196.96,  205.74, 211.77,  355.58
CPT_6458, 12.22, 252.43,  197.51,  206.93, 211.78,  356.49
CPT_6458, 12.24, 254.22,  197.51,  207.41, 211.34,  356.59
CPT_6458, 12.26, 258.64,  198.02,  208.69, 211.15,  357.47
CPT_6458, 12.28, 269.24,  198.95,  211.30, 210.41,  359.02
CPT_6458, 12.30, 277.70,  199.84,  213.54, 210.20,  360.57
CPT_6458, 12.32, 285.58,  200.70,  215.66, 210.12,  362.10
CPT_6458, 12.34, 324.95,  206.16,  226.29, 212.13,  370.71
CPT_6458, 12.36, 346.78,  208.73,  231.86, 212.96,  374.91
CPT_6458, 12.38, 352.77,  209.42,  233.49, 213.18,  376.16
CPT_6458, 12.40, 344.01,  208.82,  231.82, 213.33,  375.23
CPT_6458, 12.42, 322.45,  207.25,  227.37, 213.83,  372.60
CPT_6458, 12.44, 308.74,  205.19,  223.81, 212.87,  369.69
CPT_6458, 12.46, 297.19,  202.94,  220.44, 211.40,  366.55
CPT_6458, 12.48, 285.37,  200.61,  216.93, 209.88,  363.20
CPT_6458, 12.50, 274.73,  199.29,  214.35, 209.71,  361.21
CPT_6458, 12.52, 267.27,  199.53,  213.51, 211.46,  361.50
CPT_6458, 12.54, 262.01,  200.70,  213.84, 214.48,  363.32
CPT_6458, 12.56, 259.95,  200.73,  213.73, 215.00,  363.51
CPT_6458, 12.58, 252.22,  198.72,  211.07, 213.48,  360.62
CPT_6458, 12.60, 240.13,  195.56,  206.81, 211.13,  355.89
CPT_6458, 12.62, 232.63,  193.36,  203.99, 209.25,  352.50
CPT_6458, 12.64, 228.02,  191.64,  201.97, 207.43,  349.80
CPT_6458, 12.66, 228.09,  191.02,  201.58, 206.29,  348.91
CPT_6458, 12.68, 228.55,  190.37,  201.21, 205.02,  347.98
CPT_6458, 12.70, 242.31,  191.83,  204.66, 204.28,  350.83
CPT_6458, 12.72, 254.96,  193.85,  208.43, 204.97,  354.50
CPT_6458, 12.74, 258.79,  194.28,  209.51, 204.94,  355.46
CPT_6458, 12.76, 187.32,  177.81,  184.69, 193.51,  324.96
CPT_6458, 12.78, 225.27,  184.56,  196.50, 196.20,  339.59
CPT_6458, 12.80, 233.23,  187.97,  200.65, 200.01,  345.38
CPT_6458, 12.82, 236.46,  189.98,  202.92, 202.53,  348.68
CPT_6458, 12.84, 241.79,  191.08,  204.77, 203.20,  350.74
CPT_6458, 12.86, 247.02,  191.45,  206.02, 202.77,  351.74
CPT_6458, 12.88, 261.69,  191.76,  208.82, 200.88,  353.48
CPT_6458, 12.90, 275.48,  191.98,  211.46, 199.41,  355.19
CPT_6458, 12.92, 299.31,  191.75,  215.58, 196.76,  357.54
CPT_6458, 12.94, 327.98,  191.48,  220.54, 194.43,  360.57
CPT_6458, 12.96, 358.19,  191.62,  225.94, 193.02,  364.21
CPT_6458, 12.98, 369.49,  190.01,  226.89, 190.93,  364.14
CPT_6458, 13.00, 377.18,  187.99,  226.95, 188.67,  363.35
CPT_6458, 13.02, 397.39,  184.14,  227.91, 184.43,  362.34
CPT_6458, 13.04, 406.06,  179.95,  226.71, 180.39,  359.84
CPT_6458, 13.06, 402.95,  176.31,  223.94, 177.16,  356.53
CPT_6458, 13.08, 395.77,  174.12,  221.40, 175.31,  354.01
CPT_6458, 13.10, 381.04,  171.90,  217.58, 173.53,  350.48
CPT_6458, 13.12, 376.23,  170.20,  215.73, 172.09,  348.63
CPT_6458, 13.14, 373.42,  168.10,  213.96, 170.26,  346.66
CPT_6458, 13.16, 368.16,  165.06,  211.17, 167.62,  343.52
CPT_6458, 13.18, 364.12,  162.95,  209.17, 165.80,  341.35
CPT_6458, 13.20, 357.41,  161.23,  206.95, 164.34,  339.12
CPT_6458, 13.22, 360.69,  160.40,  207.02, 163.65,  339.17
CPT_6458, 13.24, 351.98,  158.95,  204.62, 162.44,  336.87
CPT_6458, 13.26, 346.32,  158.34,  203.26, 161.97,  335.75
CPT_6458, 13.28, 338.05,  158.22,  201.76, 161.96,  334.64
CPT_6458, 13.30, 333.66,  158.89,  201.43, 162.64,  334.84
CPT_6458, 13.32, 326.10,  158.67,  199.96, 162.54,  333.69
CPT_6458, 13.34, 317.81,  158.62,  198.45, 162.60,  332.53
CPT_6458, 13.36, 306.27,  159.28,  196.77, 163.35,  331.40
CPT_6458, 13.38, 298.26,  160.84,  196.29, 164.95,  331.68
CPT_6458, 13.40, 287.04,  161.52,  194.63, 165.80,  330.53
CPT_6458, 13.42, 282.96,  162.28,  194.37, 166.65,  330.73
CPT_6458, 13.44, 279.15,  162.98,  194.12, 167.46,  330.93
CPT_6458, 13.46, 273.51,  164.11,  193.80, 168.75,  331.18
CPT_6458, 13.48, 266.69,  165.52,  193.43, 170.40,  331.46
CPT_6458, 13.50, 270.57,  167.57,  195.58, 172.46,  334.49
CPT_6458, 13.52, 283.68,  168.93,  199.03, 173.53,  338.50
CPT_6458, 13.54, 299.48,  169.58,  202.46, 173.83,  342.17
CPT_6458, 13.56, 306.62,  169.28,  203.62, 173.43,  343.37
CPT_6458, 13.58, 291.02,  166.90,  199.18, 171.45,  338.65
CPT_6458, 13.60, 274.80,  167.45,  196.49, 172.42,  336.37
CPT_6458, 13.62, 254.93,  170.35,  194.64, 176.22,  335.57
CPT_6458, 13.64, 244.04,  175.38,  196.10, 182.56,  338.87
CPT_6458, 13.66, 227.91,  178.51,  195.47, 187.89,  339.49
CPT_6458, 13.68, 218.34,  181.24,  196.04, 192.95,  341.31
CPT_6458, 13.70, 210.18,  184.27,  197.51, 199.26,  344.39
CPT_6458, 13.72, 215.27,  186.34,  200.19, 201.54,  348.11
CPT_6458, 13.74, 227.01,  189.30,  204.57, 203.73,  353.62
CPT_6458, 13.76, 237.31,  192.19,  208.69, 206.17,  358.68
CPT_6458, 13.78, 245.90,  194.34,  211.88, 207.79,  362.44
CPT_6458, 13.80, 255.45,  196.30,  215.03, 208.95,  365.94
CPT_6458, 13.82, 258.28,  197.41,  216.48, 210.11,  367.74
CPT_6458, 13.84, 250.53,  198.70,  216.75, 213.75,  368.96
CPT_6458, 13.86, 246.80,  199.54,  217.23, 216.10,  370.05
CPT_6458, 13.88, 252.15,  201.63,  219.97, 218.29,  373.29
CPT_6458, 13.90, 253.13,  202.70,  221.26, 219.92,  374.97
CPT_6458, 13.92, 253.42,  203.24,  221.92, 220.79,  375.86
CPT_6458, 13.94, 259.18,  204.63,  223.98, 221.64,  378.08
CPT_6458, 13.96, 263.78,  205.50,  225.38, 221.91,  379.54
CPT_6458, 13.98, 262.51,  205.01,  224.82, 221.39,  378.97
CPT_6458, 14.00, 261.22,  204.52,  224.25, 220.88,  378.40
CPT_6458, 14.02, 259.42,  204.05,  223.65, 220.53,  377.84
CPT_6458, 14.04, 258.79,  204.08,  223.68, 220.74,  377.98
CPT_6458, 14.06, 259.17,  204.60,  224.34, 221.55,  378.85
CPT_6458, 14.08, 263.31,  206.02,  226.28, 222.92,  381.05
CPT_6458, 14.10, 273.92,  208.67,  230.09, 224.69,  385.04
CPT_6458, 14.12, 286.76,  211.58,  234.39, 226.41,  389.36
CPT_6458, 14.14, 308.26,  216.22,  241.33, 229.14,  396.04
CPT_6458, 14.16, 320.94,  219.19,  245.67, 231.20,  400.21
CPT_6458, 14.18, 326.77,  221.09,  248.23, 232.97,  402.79
CPT_6458, 14.20, 325.96,  222.01,  249.14, 234.55,  403.96
CPT_6458, 14.22, 318.88,  222.74,  249.36, 237.31,  404.78
CPT_6458, 14.24, 317.06,  223.20,  249.79, 238.53,  405.46
CPT_6458, 14.26, 311.71,  222.55,  248.76, 238.79,  404.74
CPT_6458, 14.28, 312.42,  222.93,  249.30, 239.26,  405.35
CPT_6458, 14.30, 316.56,  224.00,  250.86, 240.02,  406.86
CPT_6458, 14.32, 318.57,  224.34,  251.44, 240.06,  407.43
CPT_6458, 14.34, 322.78,  225.00,  252.53, 240.10,  408.41
CPT_6458, 14.36, 218.39,  199.24,  217.62, 226.76,  373.35
CPT_6458, 14.38, 265.63,  212.14,  234.52, 233.66,  391.69
CPT_6458, 14.40, 291.40,  218.19,  242.95, 236.63,  399.91
CPT_6458, 14.42, 300.41,  221.62,  247.57, 240.30,  404.60
CPT_6458, 14.44, 302.76,  222.73,  249.10, 241.67,  406.20
CPT_6458, 14.46, 305.15,  223.82,  250.62, 243.00,  407.77
CPT_6458, 14.48, 306.46,  224.54,  251.63, 243.96,  408.85
CPT_6458, 14.50, 312.03,  225.95,  253.64, 244.86,  410.75
CPT_6458, 14.52, 316.42,  227.00,  255.14, 245.44,  412.17
CPT_6458, 14.54, 320.49,  228.02,  256.62, 246.09,  413.58
CPT_6458, 14.56, 322.60,  228.71,  257.61, 246.72,  414.56
CPT_6458, 14.58, 321.92,  228.72,  257.67, 246.94,  414.72
CPT_6458, 14.60, 322.80,  229.07,  258.19, 247.31,  415.28
CPT_6458, 14.62, 323.86,  229.41,  258.71, 247.60,  415.83
CPT_6458, 14.64, 324.87,  229.75,  259.23, 247.92,  416.38
CPT_6458, 14.66, 326.22,  230.09,  259.75, 248.12,  416.92
CPT_6458, 14.68, 327.00,  230.43,  260.26, 248.50,  417.47
CPT_6458, 14.70, 328.76,  230.75,  260.78, 248.56,  418.00
CPT_6458, 14.72, 333.30,  231.38,  261.75, 248.34,  418.87
CPT_6458, 14.74, 339.97,  232.28,  263.16, 248.06,  420.10
CPT_6458, 14.76, 343.63,  232.51,  263.66, 247.49,  420.56
CPT_6458, 14.78, 348.59,  233.03,  264.59, 247.14,  421.39
CPT_6458, 14.80, 349.73,  232.97,  264.63, 246.75,  421.49
CPT_6458, 14.82, 351.56,  232.86,  264.67, 246.15,  421.58
CPT_6458, 14.84, 352.55,  232.79,  264.70, 245.80,  421.68
CPT_6458, 14.86, 348.18,  231.88,  263.41, 245.27,  420.67
CPT_6458, 14.88, 342.07,  230.66,  261.65, 244.65,  419.25
CPT_6458, 14.90, 340.50,  230.34,  261.24, 244.48,  418.99
CPT_6458, 14.92, 336.71,  229.76,  260.37, 244.39,  418.35
CPT_6458, 14.94, 333.46,  229.92,  260.43, 245.46,  418.58
CPT_6458, 14.96, 327.43,  229.40,  259.59, 246.18,  417.99
CPT_6458, 14.98, 323.11,  229.17,  259.21, 247.00,  417.80
CPT_6458, 15.00, 318.15,  228.56,  258.37, 247.39,  417.18
CPT_6458, 15.02, 317.26,  228.58,  258.42, 247.70,  417.34
CPT_6458, 15.04, 316.61,  228.60,  258.48, 247.93,  417.49
CPT_6458, 15.06, 313.61,  228.63,  258.59, 249.04,  417.72
CPT_6458, 15.08, 312.98,  228.98,  259.14, 249.99,  418.33
CPT_6458, 15.10, 329.63,  233.22,  264.99, 252.70,  423.67
CPT_6458, 15.12, 221.07,  204.12,  228.23, 238.85,  386.97
CPT_6458, 15.14, 260.68,  216.20,  242.82, 244.88,  402.91
CPT_6458, 15.16, 269.97,  218.71,  245.97, 245.94,  406.15
CPT_6458, 15.18, 277.66,  221.03,  249.09, 247.60,  409.29
CPT_6458, 15.20, 281.20,  222.16,  250.65, 248.52,  410.89
CPT_6458, 15.22, 284.32,  223.25,  252.21, 249.60,  412.47
CPT_6458, 15.24, 288.99,  224.41,  253.69, 249.98,  413.95
CPT_6458, 15.26, 296.96,  226.26,  256.06, 250.50,  416.28
CPT_6458, 15.28, 308.34,  228.74,  259.26, 251.07,  419.34
CPT_6458, 15.30, 316.59,  230.42,  261.49, 251.40,  421.48
CPT_6458, 15.32, 322.65,  231.38,  262.77, 251.14,  422.75
CPT_6458, 15.34, 329.73,  231.89,  263.50, 249.81,  423.52
CPT_6458, 15.36, 331.28,  231.82,  263.45, 249.20,  423.60
CPT_6458, 15.38, 332.24,  231.77,  263.43, 248.81,  423.70
CPT_6458, 15.40, 326.43,  230.53,  261.70, 248.19,  422.25
CPT_6458, 15.42, 319.98,  229.29,  259.98, 247.80,  420.77
CPT_6458, 15.44, 313.10,  228.02,  258.26, 247.57,  419.27
CPT_6458, 15.46, 306.57,  226.71,  256.49, 247.19,  417.71
CPT_6458, 15.48, 304.20,  226.02,  255.56, 246.61,  416.94
CPT_6458, 15.50, 302.98,  225.67,  255.10, 246.32,  416.62
CPT_6458, 15.52, 303.00,  225.67,  255.12, 246.30,  416.74
CPT_6458, 15.54, 305.49,  226.37,  256.09, 246.80,  417.77
CPT_6458, 15.56, 305.01,  226.38,  256.14, 246.98,  417.91
CPT_6458, 15.58, 304.57,  226.01,  255.63, 246.36,  417.56
CPT_6458, 15.60, 304.26,  225.62,  255.10, 245.68,  417.20
CPT_6458, 15.62, 305.48,  225.56,  255.02, 245.13,  417.28
CPT_6458, 15.64, 302.37,  224.47,  253.53, 244.03,  416.01
CPT_6458, 15.66, 303.24,  224.41,  253.47, 243.63,  416.10
CPT_6458, 15.68, 301.32,  223.65,  252.45, 242.79,  415.26
CPT_6458, 15.70, 298.47,  222.95,  251.49, 242.35,  414.45
CPT_6458, 15.72, 294.54,  221.86,  250.00, 241.52,  413.13
CPT_6458, 15.74, 290.68,  220.75,  248.48, 240.63,  411.77
CPT_6458, 15.76, 288.43,  219.97,  247.43, 239.87,  410.87
CPT_6458, 15.78, 287.51,  219.55,  246.87, 239.37,  410.46
CPT_6458, 15.80, 286.85,  218.62,  245.63, 237.83,  409.47
CPT_6458, 15.82, 285.93,  218.18,  245.05, 237.30,  409.05
CPT_6458, 15.84, 303.19,  221.96,  250.40, 239.19,  414.60
CPT_6458, 15.86, 277.22,  215.90,  241.92, 235.73,  406.08
CPT_6458, 15.88, 261.23,  212.00,  236.59, 233.58,  400.50
CPT_6458, 15.90, 251.50,  209.50,  233.24, 232.16,  396.91
CPT_6458, 15.92, 248.04,  208.65,  232.12, 231.75,  395.75
CPT_6458, 15.94, 249.90,  209.05,  232.65, 231.84,  396.50
CPT_6458, 15.96, 251.76,  209.45,  233.18, 231.93,  397.25
CPT_6458, 15.98, 256.66,  210.69,  234.84, 232.59,  399.24
CPT_6458, 16.00, 259.02,  212.11,  236.83, 234.57,  401.30
CPT_6458, 16.02, 266.97,  215.61,  241.69, 238.70,  406.25
CPT_6458, 16.04, 274.22,  219.35,  247.11, 243.79,  411.47
CPT_6458, 16.06, 279.85,  222.81,  252.44, 249.29,  416.39
CPT_6458, 16.08, 281.72,  224.55,  255.46, 252.82,  419.09
CPT_6458, 16.10, 270.12,  222.34,  253.81, 254.52,  417.08
CPT_6458, 16.12, 248.09,  215.74,  246.13, 251.56,  409.02
CPT_6458, 16.14, 236.46,  212.08,  242.18, 250.23,  404.63
CPT_6458, 16.16, 227.92,  209.23,  239.10, 249.01,  401.11
CPT_6458, 16.18, 228.22,  209.32,  239.09, 248.83,  401.22
CPT_6458, 16.20, 237.04,  212.27,  242.22, 249.92,  404.96
CPT_6458, 16.22, 244.51,  214.86,  245.49, 251.76,  408.57
CPT_6458, 16.24, 256.90,  218.99,  250.67, 254.54,  414.10
CPT_6458, 16.26, 266.83,  222.16,  254.62, 256.50,  418.23
CPT_6458, 16.28, 273.04,  224.09,  257.02, 257.63,  420.73
CPT_6458, 16.30, 276.87,  225.25,  258.43, 258.22,  422.24
CPT_6458, 16.32, 278.39,  225.67,  258.88, 258.28,  422.80
CPT_6458, 16.34, 282.59,  226.83,  260.20, 258.63,  424.25
CPT_6458, 16.36, 287.05,  227.99,  261.46, 258.83,  425.66
CPT_6458, 16.38, 290.71,  228.79,  262.19, 258.57,  426.59
CPT_6458, 16.40, 292.95,  229.21,  262.50, 258.22,  427.10
CPT_6458, 16.42, 295.36,  229.62,  262.77, 257.79,  427.59
CPT_6458, 16.44, 298.77,  230.02,  262.88, 256.82,  428.04
CPT_6458, 16.46, 300.77,  230.37,  263.21, 256.60,  428.55
CPT_6458, 16.48, 299.75,  230.05,  262.74, 256.27,  428.24
CPT_6458, 16.50, 295.38,  229.04,  261.53, 256.00,  427.12
CPT_6458, 16.52, 290.80,  228.01,  260.34, 255.84,  425.97
CPT_6458, 16.54, 289.09,  227.66,  259.97, 255.87,  425.68
CPT_6458, 16.56, 289.06,  227.67,  259.98, 255.87,  425.80
CPT_6458, 16.58, 293.67,  228.39,  260.51, 255.10,  426.70
CPT_6458, 16.60, 298.08,  229.06,  261.06, 254.44,  427.60
CPT_6458, 16.62, 298.60,  229.05,  260.96, 254.13,  427.69
CPT_6458, 16.64, 297.43,  229.08,  261.16, 254.74,  427.87
CPT_6458, 16.66, 294.25,  228.76,  261.06, 255.58,  427.65
CPT_6458, 16.68, 301.29,  230.79,  263.75, 256.95,  430.34
CPT_6458, 16.70, 311.57,  231.10,  263.18, 253.14,  430.93
CPT_6458, 16.72, 296.29,  227.99,  259.29, 252.58,  426.92
CPT_6458, 16.74, 284.50,  226.03,  257.42, 253.72,  424.55
CPT_6458, 16.76, 272.87,  222.78,  253.28, 251.87,  420.40
CPT_6458, 16.78, 264.07,  220.14,  249.85, 250.09,  416.97
CPT_6458, 16.80, 258.38,  218.20,  247.17, 248.32,  414.39
CPT_6458, 16.82, 254.19,  216.62,  244.86, 246.57,  412.23
CPT_6458, 16.84, 251.97,  215.82,  243.71, 245.73,  411.19
CPT_6458, 16.86, 252.26,  215.83,  243.63, 245.51,  411.29
CPT_6458, 16.88, 255.48,  216.64,  244.52, 245.65,  412.50
CPT_6458, 16.90, 257.78,  217.03,  244.77, 245.24,  413.12
CPT_6458, 16.92, 258.37,  217.01,  244.60, 244.82,  413.20
CPT_6458, 16.94, 255.39,  216.66,  244.50, 245.64,  412.85
CPT_6458, 16.96, 250.33,  215.85,  244.08, 246.73,  411.97
CPT_6458, 16.98, 243.66,  214.50,  243.26, 247.85,  410.51
CPT_6458, 17.00, 239.75,  213.87,  243.49, 249.49,  410.19
CPT_6458, 17.02, 235.30,  212.78,  243.00, 250.35,  409.22
CPT_6458, 17.04, 234.61,  212.91,  244.15, 252.17,  410.07
CPT_6458, 17.06, 235.64,  213.33,  244.77, 252.64,  410.80
CPT_6458, 17.08, 243.38,  215.98,  247.82, 254.12,  414.39
CPT_6458, 17.10, 252.26,  218.92,  251.28, 255.77,  418.33
CPT_6458, 17.12, 258.65,  220.97,  253.65, 256.82,  421.03
CPT_6458, 17.14, 262.36,  222.16,  255.08, 257.49,  422.66
CPT_6458, 17.16, 266.27,  223.35,  256.42, 257.99,  424.24
CPT_6458, 17.18, 263.57,  222.59,  255.56, 257.71,  423.39
CPT_6458, 17.20, 260.35,  221.49,  254.02, 256.69,  421.98
CPT_6458, 17.22, 255.78,  219.98,  251.98, 255.47,  420.01
CPT_6458, 17.24, 253.78,  219.25,  250.86, 254.61,  419.04
CPT_6458, 17.26, 251.22,  218.45,  249.89, 254.15,  418.09
CPT_6458, 17.28, 250.24,  218.09,  249.30, 253.68,  417.64
CPT_6458, 17.30, 255.15,  218.74,  248.64, 251.20,  418.07
CPT_6458, 17.32, 257.43,  218.78,  247.91, 249.50,  418.04
CPT_6458, 17.34, 257.52,  218.37,  246.95, 248.23,  417.52
CPT_6458, 17.36, 255.10,  217.58,  245.87, 247.56,  416.52
CPT_6458, 17.38, 254.06,  217.60,  246.18, 248.30,  416.70
CPT_6458, 17.40, 250.89,  217.21,  246.28, 249.43,  416.37
CPT_6458, 17.42, 243.54,  215.82,  245.98, 251.39,  415.01
CPT_6458, 17.44, 239.45,  214.85,  245.53, 252.13,  414.07
CPT_6458, 17.46, 234.62,  213.43,  244.40, 252.20,  412.46
CPT_6458, 17.48, 231.64,  212.50,  243.54, 252.03,  411.38
CPT_6458, 17.50, 230.67,  212.13,  242.90, 251.49,  410.85
CPT_6458, 17.52, 230.48,  211.87,  241.93, 250.24,  410.26
CPT_6458, 17.54, 171.98,  188.89,  216.40, 235.00,  374.35
CPT_6458, 17.56, 195.98,  198.84,  225.56, 239.70,  390.35
CPT_6458, 17.58, 211.92,  204.37,  230.54, 241.10,  398.47
CPT_6458, 17.60, 219.37,  206.86,  233.16, 242.17,  402.24
CPT_6458, 17.62, 227.04,  209.23,  235.59, 242.92,  405.78
CPT_6458, 17.64, 235.79,  211.90,  238.58, 244.09,  409.79
CPT_6458, 17.66, 240.35,  213.17,  239.93, 244.44,  411.74
CPT_6458, 17.68, 241.88,  213.59,  240.35, 244.52,  412.45
CPT_6458, 17.70, 242.07,  213.58,  240.23, 244.32,  412.55
CPT_6458, 17.72, 234.46,  211.93,  239.01, 245.11,  410.32
CPT_6458, 17.74, 230.78,  211.45,  239.47, 246.90,  409.97
CPT_6458, 17.76, 227.49,  210.86,  239.82, 248.42,  409.58
CPT_6458, 17.78, 224.74,  210.25,  239.96, 249.51,  409.15
CPT_6458, 17.80, 222.64,  209.68,  239.81, 250.00,  408.66
CPT_6458, 17.82, 219.38,  208.64,  239.06, 250.07,  407.48
CPT_6458, 17.84, 219.19,  208.62,  239.15, 250.26,  407.61
CPT_6458, 17.86, 221.12,  209.46,  240.56, 251.49,  409.12
CPT_6458, 17.88, 221.51,  209.75,  241.54, 252.68,  409.97
CPT_6458, 17.90, 225.14,  211.13,  243.21, 253.69,  412.04
CPT_6458, 17.92, 231.67,  213.48,  245.66, 254.79,  415.25
CPT_6458, 17.94, 237.26,  215.35,  247.40, 255.27,  417.70
CPT_6458, 17.96, 243.03,  217.18,  249.00, 255.53,  420.05
CPT_6458, 17.98, 248.54,  218.25,  248.61, 253.33,  421.06
CPT_6458, 18.00, 255.66,  219.86,  249.60, 252.46,  423.20
CPT_6458, 18.02, 257.54,  219.80,  248.75, 250.84,  423.17
CPT_6458, 18.04, 255.66,  218.99,  247.45, 249.76,  422.15
CPT_6458, 18.06, 251.78,  217.82,  245.97, 249.02,  420.60
CPT_6458, 18.08, 254.24,  218.61,  246.95, 249.56,  421.82
CPT_6458, 18.10, 256.55,  220.30,  250.06, 252.83,  424.30
CPT_6458, 18.12, 259.04,  221.48,  252.01, 254.56,  426.09
CPT_6458, 18.14, 256.72,  220.73,  250.99, 253.96,  425.14
CPT_6458, 18.16, 250.95,  218.80,  248.38, 252.35,  422.51
CPT_6458, 18.18, 235.62,  213.88,  242.41, 249.34,  415.63
CPT_6458, 18.20, 219.93,  208.52,  235.99, 245.88,  407.85
CPT_6458, 18.22, 207.81,  204.16,  230.88, 243.01,  401.30
CPT_6458, 18.24, 205.59,  203.57,  230.84, 243.68,  400.70
CPT_6458, 18.26, 158.92,  183.86,  210.56, 230.51,  366.31
CPT_6458, 18.28, 181.55,  194.12,  220.86, 238.02,  385.71
CPT_6458, 18.30, 191.52,  198.23,  225.04, 240.50,  392.55
CPT_6458, 18.32, 218.42,  208.49,  236.73, 247.39,  408.62
CPT_6458, 18.34, 232.76,  213.49,  242.50, 250.43,  415.99
CPT_6458, 18.36, 227.32,  211.73,  240.57, 249.62,  413.58
CPT_6458, 18.38, 216.58,  208.02,  236.45, 247.63,  408.28
CPT_6458, 18.40, 207.31,  204.61,  232.50, 245.39,  403.19
CPT_6458, 18.42, 203.50,  203.13,  230.58, 244.08,  400.91
CPT_6458, 18.44, 208.69,  204.80,  231.45, 243.63,  403.25
CPT_6458, 18.46, 216.36,  206.81,  232.16, 242.22,  406.15
CPT_6458, 18.48, 226.66,  208.77,  232.70, 239.90,  409.49
CPT_6458, 18.50, 240.38,  211.60,  235.30, 239.31,  414.67
CPT_6458, 18.52, 246.91,  214.98,  240.36, 243.82,  419.32
CPT_6458, 18.54, 249.85,  217.99,  245.82, 249.81,  423.31
CPT_6458, 18.56, 253.86,  220.93,  251.59, 255.86,  427.63
CPT_6458, 18.58, 253.59,  221.95,  255.01, 260.22,  429.63
CPT_6458, 18.60, 243.53,  219.16,  253.84, 261.75,  426.79
CPT_6458, 18.62, 229.94,  214.47,  250.06, 261.11,  421.35
CPT_6458, 18.64, 217.11,  209.57,  245.57, 259.37,  415.26
CPT_6458, 18.66, 211.86,  207.47,  243.80, 258.74,  412.71
CPT_6458, 18.68, 205.68,  204.93,  241.22, 257.36,  409.28
CPT_6458, 18.70, 206.97,  205.52,  241.70, 257.57,  410.10
CPT_6458, 18.72, 214.59,  208.70,  244.60, 258.93,  414.36
CPT_6458, 18.74, 219.90,  210.84,  246.29, 259.44,  417.06
CPT_6458, 18.76, 226.40,  213.35,  248.46, 260.20,  420.27
CPT_6458, 18.78, 230.55,  214.74,  248.24, 258.67,  421.42
CPT_6458, 18.80, 232.00,  215.05,  247.25, 256.99,  421.39
CPT_6458, 18.82, 227.36,  213.09,  243.68, 253.88,  418.25
CPT_6458, 18.84, 223.69,  211.46,  240.62, 251.13,  415.63
CPT_6458, 18.86, 223.59,  211.10,  239.21, 249.40,  414.94
CPT_6458, 18.88, 223.43,  210.67,  237.81, 247.71,  414.26
CPT_6458, 18.90, 224.26,  210.66,  237.14, 246.66,  414.27
CPT_6458, 18.92, 224.40,  210.65,  236.97, 246.43,  414.35
CPT_6458, 18.94, 223.23,  210.69,  237.77, 247.78,  414.58
CPT_6458, 18.96, 231.45,  213.78,  241.86, 250.55,  419.32
CPT_6458, 18.98, 237.54,  215.89,  244.43, 252.04,  422.51
CPT_6458, 19.00, 231.97,  214.23,  242.78, 251.59,  420.22
CPT_6458, 19.02, 222.77,  211.16,  239.41, 250.05,  415.84
CPT_6458, 19.04, 168.70,  189.43,  212.98, 231.87,  379.16
CPT_6458, 19.06, 175.82,  192.54,  216.45, 234.46,  385.13
CPT_6458, 19.08, 172.75,  191.30,  215.35, 233.89,  382.98
CPT_6458, 19.10, 168.29,  189.40,  213.51, 232.72,  379.51
CPT_6458, 19.12, 164.09,  187.50,  211.05, 230.64,  375.73
CPT_6458, 19.14, 159.94,  185.56,  208.24, 228.07,  371.64
CPT_6458, 19.16, 160.12,  185.60,  207.62, 227.29,  371.66
CPT_6458, 19.18, 166.42,  188.26,  209.62, 228.40,  377.09
CPT_6458, 19.20, 172.65,  190.79,  211.88, 229.71,  382.07
CPT_6458, 19.22, 178.81,  193.19,  214.21, 231.06,  386.68
CPT_6458, 19.24, 183.35,  194.92,  215.95, 232.06,  389.94
CPT_6458, 19.26, 189.22,  197.16,  218.41, 233.58,  394.04
CPT_6458, 19.28, 196.39,  199.83,  221.46, 235.47,  398.80
CPT_6458, 19.30, 203.15,  202.42,  224.67, 237.64,  403.25
CPT_6458, 19.32, 205.12,  203.53,  226.54, 239.45,  405.10
CPT_6458, 19.34, 205.58,  204.13,  227.93, 241.08,  406.12
CPT_6458, 19.36, 205.87,  204.70,  229.48, 242.94,  407.15
CPT_6458, 19.38, 206.63,  205.21,  230.54, 244.07,  408.11
CPT_6458, 19.40, 206.13,  205.22,  230.96, 244.77,  408.27
CPT_6458, 19.42, 209.68,  206.68,  232.94, 246.26,  410.72
CPT_6458, 19.44, 213.09,  208.11,  234.97, 247.85,  413.10
CPT_6458, 19.46, 213.89,  208.58,  235.90, 248.80,  413.98
CPT_6458, 19.48, 215.87,  209.50,  237.44, 250.17,  415.57
CPT_6458, 19.50, 217.22,  210.35,  239.52, 252.38,  417.20
CPT_6458, 19.52, 220.39,  211.68,  241.52, 253.97,  419.40
CPT_6458, 19.54, 227.67,  214.34,  244.53, 255.66,  423.39
CPT_6458, 19.56, 235.06,  216.91,  247.25, 256.96,  427.13
CPT_6458, 19.58, 240.01,  218.56,  248.91, 257.65,  429.54
CPT_6458, 19.60, 245.09,  220.15,  250.41, 258.12,  431.85
CPT_6458, 19.62, 249.64,  221.69,  252.25, 259.14,  434.14
CPT_6458, 19.64, 254.17,  223.20,  254.03, 260.11,  436.35
CPT_6458, 19.66, 258.88,  224.66,  255.61, 260.79,  438.48
CPT_6458, 19.68, 263.62,  226.07,  257.09, 261.35,  440.54
CPT_6458, 19.70, 267.37,  227.07,  257.99, 261.49,  442.06
CPT_6458, 19.72, 269.93,  227.70,  258.48, 261.46,  443.07
CPT_6458, 19.74, 271.98,  228.39,  259.35, 262.00,  444.13
CPT_6458, 19.76, 272.62,  228.78,  260.01, 262.65,  444.74
CPT_6458, 19.78, 270.83,  228.51,  260.01, 263.11,  444.44
CPT_6458, 19.80, 268.88,  228.25,  260.14, 263.78,  444.16
CPT_6458, 19.82, 265.93,  227.61,  259.77, 264.12,  443.38
CPT_6458, 19.84, 263.34,  226.93,  259.12, 264.05,  442.56
CPT_6458, 19.86, 190.75,  200.69,  230.73, 249.24,  404.52
CPT_6458, 19.88, 224.12,  212.73,  239.75, 251.30,  422.28
CPT_6458, 19.90, 229.32,  215.36,  244.74, 255.94,  426.47
CPT_6458, 19.92, 231.93,  216.60,  247.04, 258.03,  428.51
CPT_6458, 19.94, 232.88,  217.01,  247.66, 258.55,  429.23
CPT_6458, 19.96, 232.43,  216.63,  246.36, 257.15,  428.64
CPT_6458, 19.98, 231.93,  216.21,  245.09, 255.80,  428.04
CPT_6458, 20.00, 234.06,  216.56,  244.53, 254.61,  428.63
