File Name, Hegazy Depth, Hegazy Vs, Andrus Depth, Andrus Vs, Rob Depth, Rob Vs, Mc15 Depth, Mc15 Vs, Mc18 Depth, Mc18 Vs
CPT_6457, 0.08, 835.60, 0.08, 187.21, 0.08, 225.74, 0.08, 37.33, 0.08, 58.79
CPT_6457, 0.10, 469.90, 0.10, 144.91, 0.10, 168.14, 0.10, 46.38, 0.10, 91.95
CPT_6457, 0.12, 429.31, 0.12, 155.56, 0.12, 177.63, 0.12, 52.43, 0.12, 102.68
CPT_6457, 0.14, 203.56, 0.14, 146.34, 0.14, 137.97, 0.14, 53.35, 0.14, 96.20
CPT_6457, 0.16, 203.45, 0.16, 150.07, 0.16, 143.55, 0.16, 57.35, 0.16, 103.35
CPT_6457, 0.18, 297.98, 0.18, 169.45, 0.18, 175.38, 0.18, 65.72, 0.18, 121.29
CPT_6457, 0.20, 272.49, 0.20, 173.37, 0.20, 175.37, 0.20, 70.43, 0.20, 127.26
CPT_6457, 0.22, 159.99, 0.22, 153.71, 0.22, 143.76, 0.22, 67.91, 0.22, 116.26
CPT_6457, 0.24, 159.61, 0.24, 154.16, 0.24, 146.02, 0.24, 69.58, 0.24, 118.85
CPT_6457, 0.26, 226.42, 0.26, 170.63, 0.26, 171.66, 0.26, 75.96, 0.26, 134.02
CPT_6457, 0.28, 363.88, 0.28, 189.81, 0.28, 210.15, 0.28, 80.13, 0.28, 146.75
CPT_6457, 0.30, 398.95, 0.30, 191.44, 0.30, 219.00, 0.30, 80.75, 0.30, 149.82
CPT_6457, 0.32, 409.07, 0.32, 191.79, 0.32, 222.61, 0.32, 81.64, 0.32, 152.23
CPT_6457, 0.34, 825.17, 0.34, 218.01, 0.34, 297.35, 0.34, 86.94, 0.34, 169.89
CPT_6457, 0.36, 782.56, 0.36, 217.13, 0.36, 293.31, 0.36, 88.08, 0.36, 171.60
CPT_6457, 0.38, 544.13, 0.38, 203.00, 0.38, 254.58, 0.38, 86.54, 0.38, 165.30
CPT_6457, 0.40, 579.29, 0.40, 198.73, 0.40, 258.61, 0.40, 84.92, 0.40, 165.58
CPT_6457, 0.42, 550.73, 0.42, 198.15, 0.42, 255.21, 0.42, 85.99, 0.42, 166.96
CPT_6457, 0.44, 568.89, 0.44, 197.23, 0.44, 258.37, 0.44, 86.12, 0.44, 168.66
CPT_6457, 0.46, 536.18, 0.46, 194.41, 0.46, 252.85, 0.46, 86.16, 0.46, 168.64
CPT_6457, 0.48, 375.79, 0.48, 181.00, 0.48, 219.86, 0.48, 83.78, 0.48, 160.36
CPT_6457, 0.50, 483.16, 0.50, 177.96, 0.50, 236.75, 0.50, 80.87, 0.50, 162.49
CPT_6457, 0.52, 945.23, 0.52, 176.76, 0.52, 296.59, 0.52, 78.49, 0.52, 173.01
CPT_6457, 0.54, 1635.10, 0.54, 171.69, 0.54, 356.58, 0.54, 76.80, 0.54, 182.32
CPT_6457, 0.56, 1783.38, 0.56, 162.66, 0.56, 361.42, 0.56, 74.41, 0.56, 182.14
CPT_6457, 0.58, 2195.87, 0.58, 154.08, 0.58, 381.93, 0.58, 72.34, 0.58, 185.04
CPT_6457, 0.60, 2108.71, 0.60, 153.93, 0.60, 376.68, 0.60, 72.91, 0.60, 186.18
CPT_6457, 0.62, 2001.57, 0.62, 148.99, 0.62, 363.11, 0.62, 71.92, 0.62, 186.14
CPT_6457, 0.64, 1946.93, 0.64, 149.20, 0.64, 359.85, 0.64, 72.58, 0.64, 187.64
CPT_6457, 0.66, 1528.86, 0.66, 143.01, 0.66, 328.08, 0.66, 70.55, 0.66, 179.82
CPT_6457, 0.68, 1134.85, 0.68, 138.31, 0.68, 291.75, 0.68, 68.95, 0.68, 172.52
CPT_6457, 0.70, 1017.32, 0.70, 134.80, 0.70, 278.23, 0.70, 67.98, 0.70, 169.91
CPT_6457, 0.72, 845.88, 0.72, 131.50, 0.72, 258.53, 0.72, 67.00, 0.72, 165.66
CPT_6457, 0.74, 812.89, 0.74, 132.57, 0.74, 255.82, 0.74, 67.87, 0.74, 166.85
CPT_6457, 0.76, 654.36, 0.76, 136.97, 0.76, 240.40, 0.76, 69.94, 0.76, 165.76
CPT_6457, 0.78, 654.57, 0.78, 137.46, 0.78, 240.88, 0.78, 70.59, 0.78, 167.38
CPT_6457, 0.80, 508.00, 0.80, 142.06, 0.80, 224.16, 0.80, 72.92, 0.80, 165.44
CPT_6457, 0.82, 467.49, 0.82, 145.27, 0.82, 220.25, 0.82, 74.84, 0.82, 166.64
CPT_6457, 0.84, 402.65, 0.84, 144.16, 0.84, 209.26, 0.84, 74.87, 0.84, 163.81
CPT_6457, 0.86, 360.24, 0.86, 141.78, 0.86, 200.59, 0.86, 74.23, 0.86, 160.92
CPT_6457, 0.88, 305.32, 0.88, 139.00, 0.88, 188.82, 0.88, 73.36, 0.88, 156.23
CPT_6457, 0.90, 301.09, 0.90, 139.30, 0.90, 188.32, 0.90, 73.92, 0.90, 157.13
CPT_6457, 0.92, 244.32, 0.92, 134.12, 0.92, 173.58, 0.92, 71.54, 0.92, 148.84
CPT_6457, 0.94, 218.18, 0.94, 131.50, 0.94, 166.27, 0.94, 70.28, 0.94, 144.16
CPT_6457, 0.96, 208.80, 0.96, 130.53, 0.96, 163.61, 0.96, 69.96, 0.96, 142.72
CPT_6457, 0.98, 216.16, 0.98, 131.39, 0.98, 165.96, 0.98, 70.94, 0.98, 145.67
CPT_6457, 1.00, 216.62, 1.00, 131.21, 1.00, 165.96, 1.00, 71.19, 1.00, 146.40
CPT_6457, 1.02, 225.64, 1.02, 131.87, 1.02, 168.41, 1.02, 72.01, 1.02, 149.14
CPT_6457, 1.04, 241.03, 1.04, 133.72, 1.04, 172.97, 1.04, 73.51, 1.04, 153.47
CPT_6457, 1.06, 250.12, 1.06, 134.24, 1.06, 175.25, 1.06, 74.18, 1.06, 155.80
CPT_6457, 1.08, 252.22, 1.08, 133.74, 1.08, 175.40, 1.08, 74.25, 1.08, 156.51
CPT_6457, 1.10, 274.21, 1.10, 134.06, 1.10, 180.16, 1.10, 74.83, 1.10, 160.11
CPT_6457, 1.12, 285.10, 1.12, 134.19, 1.12, 182.43, 1.12, 75.27, 1.12, 162.16
CPT_6457, 1.14, 288.59, 1.14, 133.46, 1.14, 182.67, 1.14, 75.22, 1.14, 162.84
CPT_6457, 1.16, 310.37, 1.16, 133.82, 1.16, 187.10, 1.16, 75.79, 1.16, 166.02
CPT_6457, 1.18, 318.30, 1.18, 134.38, 1.18, 188.95, 1.18, 76.43, 1.18, 167.91
CPT_6457, 1.20, 341.16, 1.20, 136.30, 1.20, 194.37, 1.20, 77.76, 1.20, 171.88
CPT_6457, 1.22, 356.38, 1.22, 137.52, 1.22, 197.86, 1.22, 78.67, 1.22, 174.56
CPT_6457, 1.24, 354.93, 1.24, 137.59, 1.24, 197.66, 1.24, 79.03, 1.24, 175.28
CPT_6457, 1.26, 399.95, 1.26, 129.36, 1.26, 199.87, 1.26, 75.36, 1.26, 174.58
CPT_6457, 1.28, 400.83, 1.28, 127.49, 1.28, 198.75, 1.28, 74.69, 1.28, 174.18
CPT_6457, 1.30, 424.51, 1.30, 122.53, 1.30, 199.12, 1.30, 72.64, 1.30, 173.56
CPT_6457, 1.32, 451.28, 1.32, 119.15, 1.32, 200.79, 1.32, 71.40, 1.32, 174.04
CPT_6457, 1.34, 485.82, 1.34, 116.84, 1.34, 204.10, 1.34, 70.74, 1.34, 175.61
CPT_6457, 1.36, 489.81, 1.36, 116.15, 1.36, 204.12, 1.36, 70.71, 1.36, 176.23
CPT_6457, 1.38, 496.12, 1.38, 116.95, 1.38, 205.54, 1.38, 71.41, 1.38, 177.92
CPT_6457, 1.40, 508.44, 1.40, 118.70, 1.40, 208.47, 1.40, 72.60, 1.40, 180.57
CPT_6457, 1.42, 526.16, 1.42, 118.17, 1.42, 210.44, 1.42, 72.71, 1.42, 182.09
CPT_6457, 1.44, 583.26, 1.44, 118.26, 1.44, 217.86, 1.44, 73.27, 1.44, 186.09
CPT_6457, 1.46, 610.75, 1.46, 118.23, 1.46, 220.32, 1.46, 73.69, 1.46, 189.01
CPT_6457, 1.48, 629.11, 1.48, 115.77, 1.48, 218.62, 1.48, 73.01, 1.48, 190.94
CPT_6457, 1.50, 647.31, 1.50, 113.18, 1.50, 216.73, 1.50, 72.28, 1.50, 192.80
CPT_6457, 1.52, 670.23, 1.52, 112.40, 1.52, 217.44, 1.52, 72.37, 1.52, 195.33
CPT_6457, 1.54, 706.61, 1.54, 112.29, 1.54, 219.97, 1.54, 72.83, 1.54, 198.93
CPT_6457, 1.56, 697.92, 1.56, 110.51, 1.56, 216.91, 1.56, 72.28, 1.56, 198.90
CPT_6457, 1.58, 631.13, 1.58, 109.06, 1.58, 209.60, 1.58, 71.43, 1.58, 194.42
CPT_6457, 1.60, 594.58, 1.60, 108.11, 1.60, 205.21, 1.60, 70.98, 1.60, 192.07
CPT_6457, 1.62, 566.62, 1.62, 106.64, 1.62, 200.84, 1.62, 70.35, 1.62, 190.19
CPT_6457, 1.64, 537.88, 1.64, 105.09, 1.64, 196.27, 1.64, 69.64, 1.64, 188.05
CPT_6457, 1.66, 517.24, 1.66, 103.93, 1.66, 192.85, 1.66, 69.16, 1.66, 186.64
CPT_6457, 1.68, 522.51, 1.68, 105.27, 1.68, 194.79, 1.68, 70.06, 1.68, 188.26
CPT_6457, 1.70, 518.38, 1.70, 106.56, 1.70, 195.80, 1.70, 70.84, 1.70, 188.90
CPT_6457, 1.72, 514.13, 1.72, 107.96, 1.72, 196.93, 1.72, 71.66, 1.72, 189.54
CPT_6457, 1.74, 503.51, 1.74, 114.74, 1.74, 203.94, 1.74, 74.90, 1.74, 190.49
CPT_6457, 1.76, 508.27, 1.76, 117.66, 1.76, 206.98, 1.76, 76.61, 1.76, 193.10
CPT_6457, 1.78, 492.83, 1.78, 119.25, 1.78, 206.01, 1.78, 77.56, 1.78, 193.74
CPT_6457, 1.80, 537.24, 1.80, 119.95, 1.80, 212.45, 1.80, 78.38, 1.80, 197.77
CPT_6457, 1.82, 546.46, 1.82, 119.31, 1.82, 212.66, 1.82, 78.37, 1.82, 199.08
CPT_6457, 1.84, 537.01, 1.84, 118.32, 1.84, 210.44, 1.84, 78.07, 1.84, 198.77
CPT_6457, 1.86, 526.77, 1.86, 117.92, 1.86, 208.86, 1.86, 78.04, 1.86, 198.46
CPT_6457, 1.88, 518.64, 1.88, 115.81, 1.88, 205.42, 1.88, 77.21, 1.88, 198.01
CPT_6457, 1.90, 518.98, 1.90, 113.53, 1.90, 202.58, 1.90, 76.38, 1.90, 198.40
CPT_6457, 1.92, 526.89, 1.92, 111.60, 1.92, 200.85, 1.92, 75.79, 1.92, 199.67
CPT_6457, 1.94, 525.96, 1.94, 110.09, 1.94, 198.81, 1.94, 75.31, 1.94, 200.10
CPT_6457, 1.96, 499.09, 1.96, 109.50, 1.96, 195.48, 1.96, 74.99, 1.96, 197.90
CPT_6457, 1.98, 486.81, 1.98, 110.84, 1.98, 195.76, 1.98, 75.71, 1.98, 197.54
CPT_6457, 2.00, 466.46, 2.00, 111.67, 2.00, 194.63, 2.00, 76.11, 2.00, 196.09
CPT_6457, 2.02, 447.97, 2.02, 110.31, 2.02, 191.07, 2.02, 75.47, 2.02, 194.33
CPT_6457, 2.04, 432.46, 2.04, 104.00, 2.04, 181.96, 2.04, 72.51, 2.04, 192.07
CPT_6457, 2.06, 413.83, 2.06, 99.76, 2.06, 174.94, 2.06, 70.46, 2.06, 189.71
CPT_6457, 2.08, 361.61, 2.08, 95.38, 2.08, 164.19, 2.08, 67.77, 2.08, 182.16
CPT_6457, 2.10, 325.25, 2.10, 92.13, 2.10, 156.21, 2.10, 65.73, 2.10, 176.37
CPT_6457, 2.12, 311.30, 2.12, 91.48, 2.12, 153.73, 2.12, 65.31, 2.12, 174.39
CPT_6457, 2.14, 296.90, 2.14, 90.63, 2.14, 150.95, 2.14, 64.76, 2.14, 172.13
CPT_6457, 2.16, 295.55, 2.16, 90.37, 2.16, 150.37, 2.16, 64.79, 2.16, 172.52
CPT_6457, 2.18, 266.09, 2.18, 88.71, 2.18, 144.74, 2.18, 63.38, 2.18, 166.57
CPT_6457, 2.20, 265.07, 2.20, 88.87, 2.20, 144.69, 2.20, 63.61, 2.20, 166.96
CPT_6457, 2.22, 292.16, 2.22, 92.16, 2.22, 151.74, 2.22, 66.12, 2.22, 173.83
CPT_6457, 2.24, 288.22, 2.24, 91.85, 2.24, 150.79, 2.24, 66.28, 2.24, 174.23
CPT_6457, 2.26, 287.09, 2.26, 91.87, 2.26, 150.58, 2.26, 66.45, 2.26, 174.62
CPT_6457, 2.28, 298.66, 2.28, 93.54, 2.28, 153.79, 2.28, 67.71, 2.28, 177.77
CPT_6457, 2.30, 284.90, 2.30, 92.80, 2.30, 151.17, 2.30, 67.20, 2.30, 175.46
CPT_6457, 2.32, 284.14, 2.32, 94.96, 2.32, 153.48, 2.32, 68.38, 2.32, 175.98
CPT_6457, 2.34, 295.57, 2.34, 98.40, 2.34, 158.74, 2.34, 70.51, 2.34, 179.25
CPT_6457, 2.36, 279.80, 2.36, 103.36, 2.36, 160.01, 2.36, 73.06, 2.36, 179.94
CPT_6457, 2.38, 266.93, 2.38, 110.69, 2.38, 162.76, 2.38, 77.13, 2.38, 183.22
CPT_6457, 2.40, 277.13, 2.40, 118.32, 2.40, 169.92, 2.40, 81.84, 2.40, 190.32
CPT_6457, 2.42, 273.99, 2.42, 124.88, 2.42, 173.76, 2.42, 85.79, 2.42, 194.63
CPT_6457, 2.44, 228.93, 2.44, 134.49, 2.44, 171.01, 2.44, 91.38, 2.44, 193.96
CPT_6457, 2.46, 217.22, 2.46, 135.36, 2.46, 169.06, 2.46, 91.98, 2.46, 192.60
CPT_6457, 2.48, 216.85, 2.48, 138.28, 2.48, 170.95, 2.48, 94.08, 2.48, 195.01
CPT_6457, 2.50, 234.63, 2.50, 147.14, 2.50, 180.80, 2.50, 100.25, 2.50, 205.01
CPT_6457, 2.52, 271.68, 2.52, 158.47, 2.52, 196.15, 2.52, 107.72, 2.52, 218.71
CPT_6457, 2.54, 267.18, 2.54, 162.03, 2.54, 197.83, 2.54, 110.50, 2.54, 221.09
CPT_6457, 2.56, 279.44, 2.56, 164.59, 2.56, 202.01, 2.56, 112.21, 2.56, 224.80
CPT_6457, 2.58, 313.29, 2.58, 168.46, 2.58, 211.02, 2.58, 114.30, 2.58, 231.54
CPT_6457, 2.60, 345.64, 2.60, 170.87, 2.60, 218.44, 2.60, 115.48, 2.60, 236.72
CPT_6457, 2.62, 380.11, 2.62, 170.68, 2.62, 224.13, 2.62, 115.06, 2.62, 240.22
CPT_6457, 2.64, 386.37, 2.64, 167.61, 2.64, 223.01, 2.64, 113.30, 2.64, 239.46
CPT_6457, 2.66, 342.44, 2.66, 160.41, 2.66, 210.53, 2.66, 109.44, 2.66, 231.44
CPT_6457, 2.68, 355.52, 2.68, 160.16, 2.68, 212.61, 2.68, 109.37, 2.68, 233.12
CPT_6457, 2.70, 375.08, 2.70, 168.15, 2.70, 221.52, 2.70, 114.34, 2.70, 240.34
CPT_6457, 2.72, 364.74, 2.72, 166.83, 2.72, 218.86, 2.72, 113.83, 2.72, 239.11
CPT_6457, 2.74, 359.04, 2.74, 163.52, 2.74, 215.57, 2.74, 112.01, 2.74, 237.07
CPT_6457, 2.76, 386.01, 2.76, 160.64, 2.76, 218.04, 2.76, 110.25, 2.76, 238.44
CPT_6457, 2.78, 468.83, 2.78, 163.19, 2.78, 232.70, 2.78, 111.63, 2.78, 247.51
CPT_6457, 2.80, 493.48, 2.80, 162.65, 2.80, 235.89, 2.80, 111.47, 2.80, 249.65
CPT_6457, 2.82, 495.38, 2.82, 162.99, 2.82, 236.39, 2.82, 111.86, 2.82, 250.54
CPT_6457, 2.84, 463.63, 2.84, 166.91, 2.84, 234.54, 2.84, 114.38, 2.84, 250.83
CPT_6457, 2.86, 430.34, 2.86, 170.43, 2.86, 231.99, 2.86, 116.82, 2.86, 250.66
CPT_6457, 2.88, 405.20, 2.88, 172.77, 2.88, 229.71, 2.88, 118.65, 2.88, 250.39
CPT_6457, 2.90, 379.64, 2.90, 177.01, 2.90, 228.65, 2.90, 121.86, 2.90, 251.15
CPT_6457, 2.92, 379.81, 2.92, 180.21, 2.92, 231.01, 2.92, 124.14, 2.92, 253.56
CPT_6457, 2.94, 341.35, 2.94, 179.11, 2.94, 223.86, 2.94, 124.44, 2.94, 249.90
CPT_6457, 2.96, 301.22, 2.96, 175.18, 2.96, 214.04, 2.96, 122.99, 2.96, 243.82
CPT_6457, 2.98, 282.75, 2.98, 171.45, 2.98, 207.94, 2.98, 121.02, 2.98, 239.70
CPT_6457, 3.00, 277.02, 3.00, 168.03, 3.00, 204.33, 3.00, 118.85, 3.00, 237.13
CPT_6457, 3.02, 262.64, 3.02, 163.60, 3.02, 198.36, 3.02, 116.17, 3.02, 232.68
CPT_6457, 3.04, 241.50, 3.04, 156.95, 3.04, 189.36, 3.04, 111.95, 3.04, 225.36
CPT_6457, 3.06, 251.60, 3.06, 154.18, 3.06, 189.34, 3.06, 109.94, 3.06, 225.51
CPT_6457, 3.08, 296.86, 3.08, 153.77, 3.08, 197.66, 3.08, 109.38, 3.08, 232.22
CPT_6457, 3.10, 347.89, 3.10, 153.25, 3.10, 206.31, 3.10, 109.00, 3.10, 238.64
CPT_6457, 3.12, 401.36, 3.12, 155.50, 3.12, 216.65, 3.12, 110.45, 3.12, 246.12
CPT_6457, 3.14, 409.51, 3.14, 157.04, 3.14, 219.02, 3.14, 111.53, 3.14, 248.30
CPT_6457, 3.16, 407.03, 3.16, 160.51, 3.16, 221.10, 3.16, 113.78, 3.16, 250.54
CPT_6457, 3.18, 399.83, 3.18, 165.78, 3.18, 223.73, 3.18, 117.17, 3.18, 253.35
CPT_6457, 3.20, 394.56, 3.20, 166.62, 3.20, 223.48, 3.20, 117.90, 3.20, 253.81
CPT_6457, 3.22, 357.00, 3.22, 161.31, 3.22, 213.52, 3.22, 115.01, 3.22, 247.32
CPT_6457, 3.24, 356.07, 3.24, 161.35, 3.24, 213.37, 3.24, 115.21, 3.24, 247.71
CPT_6457, 3.26, 355.14, 3.26, 161.38, 3.26, 213.23, 3.26, 115.41, 3.26, 248.09
CPT_6457, 3.28, 262.33, 3.28, 135.27, 3.28, 177.98, 3.28, 99.13, 3.28, 219.96
CPT_6457, 3.30, 287.85, 3.30, 134.41, 3.30, 182.17, 3.30, 98.91, 3.30, 223.98
CPT_6457, 3.32, 331.30, 3.32, 134.65, 3.32, 190.01, 3.32, 99.51, 3.32, 230.76
CPT_6457, 3.34, 400.46, 3.34, 137.93, 3.34, 203.53, 3.34, 102.01, 3.34, 241.38
CPT_6457, 3.36, 463.77, 3.36, 144.10, 3.36, 217.39, 3.36, 106.01, 3.36, 251.69
CPT_6457, 3.38, 475.16, 3.38, 146.13, 3.38, 220.47, 3.38, 107.38, 3.38, 254.37
CPT_6457, 3.40, 507.70, 3.40, 145.19, 3.40, 224.21, 3.40, 107.15, 3.40, 257.24
CPT_6457, 3.42, 516.21, 3.42, 141.33, 3.42, 222.37, 3.42, 105.18, 3.42, 256.36
CPT_6457, 3.44, 520.61, 3.44, 139.20, 3.44, 221.26, 3.44, 104.18, 3.44, 256.08
CPT_6457, 3.46, 528.03, 3.46, 142.80, 3.46, 224.96, 3.46, 106.38, 3.46, 259.19
CPT_6457, 3.48, 478.33, 3.48, 148.46, 3.48, 222.47, 3.48, 109.53, 3.48, 258.46
CPT_6457, 3.50, 411.18, 3.50, 150.56, 3.50, 214.17, 3.50, 110.73, 3.50, 253.58
CPT_6457, 3.52, 343.79, 3.52, 145.89, 3.52, 199.95, 3.52, 107.93, 3.52, 243.64
CPT_6457, 3.54, 314.66, 3.54, 138.34, 3.54, 189.50, 3.54, 103.33, 3.54, 235.75
CPT_6457, 3.56, 265.46, 3.56, 136.29, 3.56, 179.03, 3.56, 101.90, 3.56, 227.20
CPT_6457, 3.58, 216.22, 3.58, 135.44, 3.58, 168.53, 3.58, 101.11, 3.58, 217.27
CPT_6457, 3.60, 238.44, 3.60, 147.14, 3.60, 181.47, 3.60, 109.37, 3.60, 229.87
CPT_6457, 3.62, 220.37, 3.62, 151.11, 3.62, 180.74, 3.62, 112.55, 3.62, 229.28
CPT_6457, 3.64, 219.98, 3.64, 151.14, 3.64, 180.67, 3.64, 112.73, 3.64, 229.60
CPT_6457, 3.66, 215.50, 3.66, 160.13, 3.66, 186.70, 3.66, 120.06, 3.66, 235.34
CPT_6457, 3.68, 202.74, 3.68, 160.66, 3.68, 184.70, 3.68, 121.22, 3.68, 233.50
CPT_6457, 3.70, 178.27, 3.70, 157.82, 3.70, 177.76, 3.70, 120.14, 3.70, 225.76
CPT_6457, 3.72, 167.10, 3.72, 158.04, 3.72, 176.06, 3.72, 121.32, 3.72, 223.03
CPT_6457, 3.74, 165.00, 3.74, 158.85, 3.74, 176.52, 3.74, 122.53, 3.74, 223.43
CPT_6457, 3.76, 165.63, 3.76, 160.50, 3.76, 178.28, 3.76, 124.49, 3.76, 225.51
CPT_6457, 3.78, 173.74, 3.78, 164.52, 3.78, 183.48, 3.78, 128.32, 3.78, 231.93
CPT_6457, 3.80, 191.12, 3.80, 170.92, 3.80, 192.28, 3.80, 133.48, 3.80, 241.94
CPT_6457, 3.82, 195.46, 3.82, 173.44, 3.82, 195.46, 3.82, 135.93, 3.82, 245.40
CPT_6457, 3.84, 201.07, 3.84, 175.56, 3.84, 198.35, 3.84, 137.69, 3.84, 248.57
CPT_6457, 3.86, 207.59, 3.86, 177.41, 3.86, 201.05, 3.86, 138.96, 3.86, 251.51
CPT_6457, 3.88, 211.90, 3.88, 178.60, 3.88, 202.79, 3.88, 139.81, 3.88, 253.49
CPT_6457, 3.90, 216.28, 3.90, 179.74, 3.90, 204.49, 3.90, 140.58, 3.90, 255.40
CPT_6457, 3.92, 221.42, 3.92, 181.60, 3.92, 207.04, 3.92, 142.09, 3.92, 258.03
CPT_6457, 3.94, 225.31, 3.94, 183.56, 3.94, 209.56, 3.94, 143.90, 3.94, 260.57
CPT_6457, 3.96, 228.82, 3.96, 185.47, 3.96, 212.01, 3.96, 145.73, 3.96, 263.02
CPT_6457, 3.98, 224.96, 3.98, 185.19, 3.98, 211.35, 3.98, 146.20, 3.98, 262.73
CPT_6457, 4.00, 221.92, 4.00, 184.79, 4.00, 210.65, 4.00, 146.41, 4.00, 262.41
CPT_6457, 4.02, 222.74, 4.02, 185.46, 4.02, 211.49, 4.02, 147.22, 4.02, 263.46
CPT_6457, 4.04, 229.19, 4.04, 187.66, 4.04, 214.55, 4.04, 148.90, 4.04, 266.44
CPT_6457, 4.06, 233.61, 4.06, 189.95, 4.06, 217.60, 4.06, 151.12, 4.06, 269.32
CPT_6457, 4.08, 239.75, 4.08, 191.98, 4.08, 220.44, 4.08, 152.63, 4.08, 272.01
CPT_6457, 4.10, 246.36, 4.10, 193.89, 4.10, 223.16, 4.10, 153.90, 4.10, 274.56
CPT_6457, 4.12, 251.04, 4.12, 195.30, 4.12, 225.16, 4.12, 154.91, 4.12, 276.49
CPT_6457, 4.14, 253.91, 4.14, 196.25, 4.14, 226.48, 4.14, 155.68, 4.14, 277.87
CPT_6457, 4.16, 257.31, 4.16, 197.13, 4.16, 227.76, 4.16, 156.27, 4.16, 279.20
CPT_6457, 4.18, 260.83, 4.18, 197.98, 4.18, 229.01, 4.18, 156.80, 4.18, 280.51
CPT_6457, 4.20, 269.49, 4.20, 200.04, 4.20, 232.06, 4.20, 157.92, 4.20, 283.19
CPT_6457, 4.22, 272.54, 4.22, 200.88, 4.22, 233.26, 4.22, 158.54, 4.22, 284.44
CPT_6457, 4.24, 264.96, 4.24, 199.32, 4.24, 230.89, 4.24, 158.10, 4.24, 282.96
CPT_6457, 4.26, 259.23, 4.26, 198.14, 4.26, 229.09, 4.26, 157.80, 4.26, 281.87
CPT_6457, 4.28, 260.76, 4.28, 198.00, 4.28, 229.02, 4.28, 157.46, 4.28, 282.16
CPT_6457, 4.30, 258.20, 4.30, 198.24, 4.30, 229.16, 4.30, 158.38, 4.30, 282.56
CPT_6457, 4.32, 254.25, 4.32, 198.01, 4.32, 228.67, 4.32, 159.01, 4.32, 282.46
CPT_6457, 4.34, 248.67, 4.34, 197.32, 4.34, 227.57, 4.34, 159.44, 4.34, 281.85
CPT_6457, 4.36, 242.08, 4.36, 196.63, 4.36, 226.54, 4.36, 160.24, 4.36, 281.24
CPT_6457, 4.38, 240.95, 4.38, 196.69, 4.38, 226.64, 4.38, 160.77, 4.38, 281.60
CPT_6457, 4.40, 241.73, 4.40, 197.20, 4.40, 227.35, 4.40, 161.43, 4.40, 282.46
CPT_6457, 4.42, 242.76, 4.42, 197.69, 4.42, 228.03, 4.42, 162.00, 4.42, 283.31
CPT_6457, 4.44, 250.68, 4.44, 199.89, 4.44, 231.11, 4.44, 163.26, 4.44, 286.10
CPT_6457, 4.46, 255.21, 4.46, 201.19, 4.46, 232.92, 4.46, 164.10, 4.46, 287.85
CPT_6457, 4.48, 257.79, 4.48, 202.06, 4.48, 234.15, 4.48, 164.83, 4.48, 289.11
CPT_6457, 4.50, 256.78, 4.50, 202.59, 4.50, 234.92, 4.50, 166.03, 4.50, 289.96
CPT_6457, 4.52, 257.97, 4.52, 203.48, 4.52, 236.21, 4.52, 167.20, 4.52, 291.23
CPT_6457, 4.54, 253.98, 4.54, 203.12, 4.54, 235.85, 4.54, 168.00, 4.54, 291.18
CPT_6457, 4.56, 253.95, 4.56, 203.56, 4.56, 236.55, 4.56, 168.87, 4.56, 291.99
CPT_6457, 4.58, 254.22, 4.58, 203.99, 4.58, 237.24, 4.58, 169.64, 4.58, 292.79
CPT_6457, 4.60, 255.19, 4.60, 204.42, 4.60, 237.87, 4.60, 170.16, 4.60, 293.56
CPT_6457, 4.62, 261.07, 4.62, 206.07, 4.62, 240.10, 4.62, 171.06, 4.62, 295.59
CPT_6457, 4.64, 263.37, 4.64, 206.89, 4.64, 241.26, 4.64, 171.78, 4.64, 296.77
CPT_6457, 4.66, 270.77, 4.66, 209.23, 4.66, 244.56, 4.66, 173.42, 4.66, 299.54
CPT_6457, 4.68, 279.70, 4.68, 212.21, 4.68, 248.85, 4.68, 175.69, 4.68, 302.96
CPT_6457, 4.70, 274.57, 4.70, 212.11, 4.70, 249.26, 4.70, 177.56, 4.70, 303.43
CPT_6457, 4.72, 260.80, 4.72, 209.22, 4.72, 246.09, 4.72, 178.03, 4.72, 301.23
CPT_6457, 4.74, 248.54, 4.74, 206.15, 4.74, 242.74, 4.74, 177.98, 4.74, 298.82
CPT_6457, 4.76, 232.48, 4.76, 201.32, 4.76, 236.92, 4.76, 176.43, 4.76, 294.35
CPT_6457, 4.78, 214.93, 4.78, 195.77, 4.78, 231.00, 4.78, 175.30, 4.78, 289.33
CPT_6457, 4.80, 202.36, 4.80, 191.28, 4.80, 225.68, 4.80, 173.34, 4.80, 284.63
CPT_6457, 4.82, 193.26, 4.82, 187.98, 4.82, 223.12, 4.82, 173.43, 4.82, 281.97
CPT_6457, 4.84, 191.25, 4.84, 187.13, 4.84, 220.79, 4.84, 171.47, 4.84, 280.21
CPT_6457, 4.86, 210.59, 4.86, 194.27, 4.86, 228.70, 4.86, 174.44, 4.86, 288.32
CPT_6457, 4.88, 202.55, 4.88, 191.51, 4.88, 225.92, 4.88, 173.91, 4.88, 285.80
CPT_6457, 4.90, 200.08, 4.90, 190.71, 4.90, 225.59, 4.90, 174.42, 4.90, 285.55
CPT_6457, 4.92, 186.48, 4.92, 185.47, 4.92, 220.32, 4.92, 172.81, 4.92, 280.11
CPT_6457, 4.94, 209.14, 4.94, 194.21, 4.94, 230.05, 4.94, 176.80, 4.94, 290.18
CPT_6457, 4.96, 209.96, 4.96, 194.48, 4.96, 229.97, 4.96, 176.54, 4.96, 290.44
CPT_6457, 4.98, 215.87, 4.98, 196.59, 4.98, 232.32, 4.98, 177.42, 4.98, 292.86
CPT_6457, 5.00, 197.84, 5.00, 189.92, 5.00, 223.62, 5.00, 173.32, 5.00, 285.05
CPT_6457, 5.02, 184.43, 5.02, 184.83, 5.02, 219.20, 5.02, 172.58, 5.02, 280.08
CPT_6457, 5.04, 171.47, 5.04, 179.35, 5.04, 213.68, 5.04, 170.27, 5.04, 273.40
CPT_6457, 5.06, 176.58, 5.06, 181.59, 5.06, 216.48, 5.06, 172.06, 5.06, 276.95
CPT_6457, 5.08, 227.59, 5.08, 200.92, 5.08, 237.80, 5.08, 180.42, 5.08, 298.84
CPT_6457, 5.10, 194.96, 5.10, 189.14, 5.10, 223.66, 5.10, 174.73, 5.10, 285.91
CPT_6457, 5.12, 203.31, 5.12, 192.22, 5.12, 226.49, 5.12, 175.42, 5.12, 289.22
CPT_6457, 5.14, 201.57, 5.14, 191.49, 5.14, 225.05, 5.14, 174.43, 5.14, 288.24
CPT_6457, 5.16, 211.85, 5.16, 194.96, 5.16, 228.41, 5.16, 175.14, 5.16, 291.99
CPT_6457, 5.18, 221.06, 5.18, 198.02, 5.18, 231.90, 5.18, 176.35, 5.18, 295.53
CPT_6457, 5.20, 224.27, 5.20, 199.05, 5.20, 233.04, 5.20, 176.76, 5.20, 296.85
CPT_6457, 5.22, 246.62, 5.22, 206.12, 5.22, 241.98, 5.22, 180.16, 5.22, 304.73
CPT_6457, 5.24, 211.60, 5.24, 195.07, 5.24, 228.62, 5.24, 175.83, 5.24, 293.12
CPT_6457, 5.26, 199.70, 5.26, 190.91, 5.26, 223.82, 5.26, 174.17, 5.26, 288.60
CPT_6457, 5.28, 182.97, 5.28, 184.63, 5.28, 217.00, 5.28, 171.64, 5.28, 281.25
CPT_6457, 5.30, 172.57, 5.30, 180.39, 5.30, 212.51, 5.30, 169.69, 5.30, 275.82
CPT_6457, 5.32, 176.05, 5.32, 181.86, 5.32, 213.61, 5.32, 170.02, 5.32, 277.75
CPT_6457, 5.34, 170.08, 5.34, 179.40, 5.34, 211.04, 5.34, 168.90, 5.34, 274.51
CPT_6457, 5.36, 163.28, 5.36, 176.46, 5.36, 207.45, 5.36, 166.72, 5.36, 269.88
CPT_6457, 5.38, 161.85, 5.38, 175.86, 5.38, 206.83, 5.38, 166.46, 5.38, 269.09
CPT_6457, 5.40, 167.44, 5.40, 178.36, 5.40, 209.66, 5.40, 168.32, 5.40, 273.38
CPT_6457, 5.42, 174.93, 5.42, 181.56, 5.42, 212.97, 5.42, 170.09, 5.42, 278.17
CPT_6457, 5.44, 173.05, 5.44, 180.72, 5.44, 211.07, 5.44, 168.56, 5.44, 276.58
CPT_6457, 5.46, 172.11, 5.46, 180.30, 5.46, 210.10, 5.46, 167.81, 5.46, 275.88
CPT_6457, 5.48, 183.02, 5.48, 184.64, 5.48, 214.83, 5.48, 170.11, 5.48, 282.11
CPT_6457, 5.50, 291.35, 5.50, 215.54, 5.50, 252.49, 5.50, 181.30, 5.50, 317.87
CPT_6457, 5.52, 215.50, 5.52, 194.95, 5.52, 225.19, 5.52, 172.37, 5.52, 294.78
CPT_6457, 5.54, 211.35, 5.54, 193.94, 5.54, 224.22, 5.54, 172.58, 5.54, 293.88
CPT_6457, 5.56, 210.74, 5.56, 194.32, 5.56, 225.42, 5.56, 174.16, 5.56, 294.86
CPT_6457, 5.58, 199.07, 5.58, 190.59, 5.58, 221.31, 5.58, 173.11, 5.58, 290.69
CPT_6457, 5.60, 222.40, 5.60, 198.95, 5.60, 232.24, 5.60, 178.45, 5.60, 301.27
CPT_6457, 5.62, 221.71, 5.62, 199.46, 5.62, 234.27, 5.62, 180.93, 5.62, 302.77
CPT_6457, 5.64, 209.98, 5.64, 195.89, 5.64, 231.72, 5.64, 181.66, 5.64, 299.92
CPT_6457, 5.66, 212.09, 5.66, 196.99, 5.66, 234.99, 5.66, 184.72, 5.66, 302.57
CPT_6457, 5.68, 213.46, 5.68, 197.60, 5.68, 236.52, 5.68, 186.08, 5.68, 303.97
CPT_6457, 5.70, 219.18, 5.70, 199.72, 5.70, 238.66, 5.70, 186.82, 5.70, 306.28
CPT_6457, 5.72, 207.51, 5.72, 195.42, 5.72, 233.60, 5.72, 184.82, 5.72, 301.75
CPT_6457, 5.74, 186.91, 5.74, 187.27, 5.74, 223.79, 5.74, 180.16, 5.74, 291.92
CPT_6457, 5.76, 156.78, 5.76, 173.75, 5.76, 209.17, 5.76, 171.70, 5.76, 271.80
CPT_6457, 5.78, 153.54, 5.78, 172.38, 5.78, 206.68, 5.78, 169.55, 5.78, 268.39
CPT_6457, 5.80, 163.60, 5.80, 177.41, 5.80, 209.82, 5.80, 171.19, 5.80, 276.39
CPT_6457, 5.82, 173.46, 5.82, 181.70, 5.82, 212.94, 5.82, 172.22, 5.82, 282.26
CPT_6457, 5.84, 168.30, 5.84, 179.49, 5.84, 209.69, 5.84, 170.07, 5.84, 278.69
CPT_6457, 5.86, 170.81, 5.86, 180.44, 5.86, 209.68, 5.86, 169.50, 5.86, 279.81
CPT_6457, 5.88, 172.94, 5.88, 181.23, 5.88, 210.02, 5.88, 169.40, 5.88, 280.94
CPT_6457, 5.90, 178.92, 5.90, 183.68, 5.90, 212.95, 5.90, 171.11, 5.90, 284.79
CPT_6457, 5.92, 188.05, 5.92, 187.22, 5.92, 217.10, 5.92, 173.24, 5.92, 289.92
CPT_6457, 5.94, 181.96, 5.94, 185.42, 5.94, 217.29, 5.94, 175.25, 5.94, 288.81
CPT_6457, 5.96, 188.94, 5.96, 188.25, 5.96, 220.74, 5.96, 177.18, 5.96, 292.91
CPT_6457, 5.98, 195.31, 5.98, 190.64, 5.98, 223.08, 5.98, 178.03, 5.98, 295.96
CPT_6457, 6.00, 185.75, 6.00, 186.91, 6.00, 218.25, 6.00, 175.52, 6.00, 291.05
CPT_6457, 6.02, 184.59, 6.02, 186.16, 6.02, 216.00, 6.02, 173.46, 6.02, 289.58
CPT_6457, 6.04, 190.03, 6.04, 188.03, 6.04, 217.62, 6.04, 173.82, 6.04, 292.11
CPT_6457, 6.06, 185.92, 6.06, 186.41, 6.06, 215.34, 6.06, 172.57, 6.06, 289.96
CPT_6457, 6.08, 186.78, 6.08, 186.52, 6.08, 214.92, 6.08, 171.96, 6.08, 290.14
CPT_6457, 6.10, 185.39, 6.10, 185.98, 6.10, 214.13, 6.10, 171.58, 6.10, 289.55
CPT_6457, 6.12, 201.25, 6.12, 191.57, 6.12, 220.74, 6.12, 174.50, 6.12, 297.29
CPT_6457, 6.14, 207.08, 6.14, 193.65, 6.14, 223.41, 6.14, 175.89, 6.14, 300.24
CPT_6457, 6.16, 223.67, 6.16, 199.01, 6.16, 230.08, 6.16, 178.64, 6.16, 307.14
CPT_6457, 6.18, 238.43, 6.18, 203.45, 6.18, 235.72, 6.18, 180.82, 6.18, 312.71
CPT_6457, 6.20, 243.71, 6.20, 205.16, 6.20, 238.01, 6.20, 181.97, 6.20, 314.96
CPT_6457, 6.22, 246.59, 6.22, 205.99, 6.22, 239.05, 6.22, 182.42, 6.22, 316.16
CPT_6457, 6.24, 272.17, 6.24, 212.81, 6.24, 248.00, 6.24, 185.46, 6.24, 324.25
CPT_6457, 6.26, 264.92, 6.26, 211.03, 6.26, 245.62, 6.26, 184.87, 6.26, 322.46
CPT_6457, 6.28, 264.87, 6.28, 211.50, 6.28, 246.45, 6.28, 185.82, 6.28, 323.20
CPT_6457, 6.30, 268.40, 6.30, 212.19, 6.30, 247.20, 6.30, 185.84, 6.30, 324.24
CPT_6457, 6.32, 259.56, 6.32, 209.55, 6.32, 243.49, 6.32, 184.30, 6.32, 321.49
CPT_6457, 6.34, 255.88, 6.34, 208.37, 6.34, 241.79, 6.34, 183.57, 6.34, 320.39
CPT_6457, 6.36, 256.41, 6.36, 208.33, 6.36, 241.61, 6.36, 183.37, 6.36, 320.61
CPT_6457, 6.38, 257.04, 6.38, 208.28, 6.38, 241.40, 6.38, 183.12, 6.38, 320.83
CPT_6457, 6.40, 264.66, 6.40, 210.09, 6.40, 243.73, 6.40, 183.78, 6.40, 323.25
CPT_6457, 6.42, 253.71, 6.42, 207.04, 6.42, 239.52, 6.42, 182.21, 6.42, 319.90
CPT_6457, 6.44, 246.50, 6.44, 205.07, 6.44, 236.84, 6.44, 181.33, 6.44, 317.77
CPT_6457, 6.46, 249.84, 6.46, 205.82, 6.46, 237.73, 6.46, 181.54, 6.46, 318.95
CPT_6457, 6.48, 258.42, 6.48, 208.13, 6.48, 240.81, 6.48, 182.73, 6.48, 321.98
CPT_6457, 6.50, 265.18, 6.50, 210.02, 6.50, 243.37, 6.50, 183.84, 6.50, 324.45
CPT_6457, 6.52, 273.11, 6.52, 212.21, 6.52, 246.37, 6.52, 185.12, 6.52, 327.24
CPT_6457, 6.54, 268.58, 6.54, 211.20, 6.54, 244.97, 6.54, 184.87, 6.54, 326.25
CPT_6457, 6.56, 267.60, 6.56, 210.78, 6.56, 244.32, 6.56, 184.55, 6.56, 326.06
CPT_6457, 6.58, 275.39, 6.58, 212.41, 6.58, 246.44, 6.58, 185.01, 6.58, 328.34
CPT_6457, 6.60, 279.04, 6.60, 212.93, 6.60, 247.08, 6.60, 184.95, 6.60, 329.35
CPT_6457, 6.62, 279.78, 6.62, 212.79, 6.62, 246.81, 6.62, 184.63, 6.62, 329.56
CPT_6457, 6.64, 281.15, 6.64, 213.11, 6.64, 247.21, 6.64, 184.85, 6.64, 330.21
CPT_6457, 6.66, 273.96, 6.66, 212.02, 6.66, 245.74, 6.66, 185.07, 6.66, 328.90
CPT_6457, 6.68, 282.69, 6.68, 214.52, 6.68, 249.21, 6.68, 186.68, 6.68, 331.99
CPT_6457, 6.70, 269.05, 6.70, 211.63, 6.70, 245.31, 6.70, 185.95, 6.70, 328.65
CPT_6457, 6.72, 254.99, 6.72, 208.53, 6.72, 241.32, 6.72, 185.29, 6.72, 325.02
CPT_6457, 6.74, 249.85, 6.74, 207.47, 6.74, 240.07, 6.74, 185.33, 6.74, 323.92
CPT_6457, 6.76, 253.12, 6.76, 208.73, 6.76, 241.86, 6.76, 186.47, 6.76, 325.59
CPT_6457, 6.78, 253.43, 6.78, 208.70, 6.78, 241.71, 6.78, 186.35, 6.78, 325.81
CPT_6457, 6.80, 255.06, 6.80, 209.06, 6.80, 242.08, 6.80, 186.45, 6.80, 326.49
CPT_6457, 6.82, 259.48, 6.82, 210.15, 6.82, 243.43, 6.82, 186.88, 6.82, 328.05
CPT_6457, 6.84, 264.85, 6.84, 211.62, 6.84, 245.35, 6.84, 187.68, 6.84, 330.02
CPT_6457, 6.86, 265.27, 6.86, 212.09, 6.86, 246.09, 6.86, 188.41, 6.86, 330.73
CPT_6457, 6.88, 260.54, 6.88, 211.08, 6.88, 244.82, 6.88, 188.33, 6.88, 329.71
CPT_6457, 6.90, 255.60, 6.90, 210.05, 6.90, 243.61, 6.90, 188.36, 6.90, 328.67
CPT_6457, 6.92, 256.89, 6.92, 210.44, 6.92, 244.08, 6.92, 188.64, 6.92, 329.35
CPT_6457, 6.94, 262.85, 6.94, 211.85, 6.94, 245.77, 6.94, 189.06, 6.94, 331.29
CPT_6457, 6.96, 268.55, 6.96, 213.23, 6.96, 247.50, 6.96, 189.59, 6.96, 333.19
CPT_6457, 6.98, 271.01, 6.98, 213.95, 6.98, 248.45, 6.98, 190.08, 6.98, 334.26
CPT_6457, 7.00, 271.96, 7.00, 214.34, 7.00, 248.98, 7.00, 190.50, 7.00, 334.91
CPT_6457, 7.02, 275.77, 7.02, 215.38, 7.02, 250.35, 7.02, 191.11, 7.02, 336.35
CPT_6457, 7.04, 275.49, 7.04, 215.41, 7.04, 250.38, 7.04, 191.31, 7.04, 336.60
CPT_6457, 7.06, 269.85, 7.06, 214.60, 7.06, 249.56, 7.06, 191.84, 7.06, 335.72
CPT_6457, 7.08, 265.59, 7.08, 213.58, 7.08, 248.22, 7.08, 191.58, 7.08, 334.73
CPT_6457, 7.10, 260.33, 7.10, 212.13, 7.10, 246.27, 7.10, 190.94, 7.10, 333.27
CPT_6457, 7.12, 263.55, 7.12, 212.79, 7.12, 246.94, 7.12, 190.99, 7.12, 334.32
CPT_6457, 7.14, 269.12, 7.14, 214.16, 7.14, 248.64, 7.14, 191.53, 7.14, 336.20
CPT_6457, 7.16, 267.25, 7.16, 213.88, 7.16, 248.33, 7.16, 191.73, 7.16, 336.05
CPT_6457, 7.18, 260.54, 7.18, 212.62, 7.18, 246.96, 7.18, 191.99, 7.18, 334.67
CPT_6457, 7.20, 256.96, 7.20, 211.98, 7.20, 246.33, 7.20, 192.28, 7.20, 334.09
CPT_6457, 7.22, 261.89, 7.22, 212.46, 7.22, 246.30, 7.22, 191.24, 7.22, 335.05
CPT_6457, 7.24, 261.72, 7.24, 212.48, 7.24, 246.31, 7.24, 191.39, 7.24, 335.28
CPT_6457, 7.26, 261.54, 7.26, 212.49, 7.26, 246.31, 7.26, 191.54, 7.26, 335.52
CPT_6457, 7.28, 255.54, 7.28, 210.57, 7.28, 243.58, 7.28, 190.30, 7.28, 333.51
CPT_6457, 7.30, 261.87, 7.30, 211.87, 7.30, 245.02, 7.30, 190.41, 7.30, 335.44
CPT_6457, 7.32, 262.81, 7.32, 212.28, 7.32, 245.58, 7.32, 190.86, 7.32, 336.11
CPT_6457, 7.34, 263.29, 7.34, 212.76, 7.34, 246.33, 7.34, 191.60, 7.34, 336.81
CPT_6457, 7.36, 256.25, 7.36, 212.07, 7.36, 246.18, 7.36, 193.10, 7.36, 335.92
CPT_6457, 7.38, 251.92, 7.38, 211.92, 7.38, 247.00, 7.38, 194.99, 7.38, 335.88
CPT_6457, 7.40, 246.47, 7.40, 211.21, 7.40, 247.33, 7.40, 196.68, 7.40, 335.38
CPT_6457, 7.42, 235.66, 7.42, 208.59, 7.42, 245.91, 7.42, 197.94, 7.42, 333.02
CPT_6457, 7.44, 210.81, 7.44, 199.99, 7.44, 236.18, 7.44, 194.27, 7.44, 323.26
CPT_6457, 7.46, 203.28, 7.46, 197.15, 7.46, 232.58, 7.46, 192.52, 7.46, 319.80
CPT_6457, 7.48, 186.21, 7.48, 190.40, 7.48, 224.44, 7.48, 188.40, 7.48, 310.95
CPT_6457, 7.50, 175.24, 7.50, 185.71, 7.50, 216.99, 7.50, 183.34, 7.50, 303.53
CPT_6457, 7.52, 168.57, 7.52, 182.82, 7.52, 212.89, 7.52, 180.65, 7.52, 298.92
CPT_6457, 7.54, 171.78, 7.54, 184.16, 7.54, 213.84, 7.54, 181.03, 7.54, 301.03
CPT_6457, 7.56, 158.52, 7.56, 178.42, 7.56, 207.61, 7.56, 177.37, 7.56, 291.67
CPT_6457, 7.58, 191.62, 7.58, 191.84, 7.58, 221.48, 7.58, 184.46, 7.58, 312.33
CPT_6457, 7.60, 181.20, 7.60, 187.92, 7.60, 217.07, 7.60, 182.49, 7.60, 306.95
CPT_6457, 7.62, 187.53, 7.62, 190.24, 7.62, 219.22, 7.62, 183.31, 7.62, 310.38
CPT_6457, 7.64, 215.66, 7.64, 199.87, 7.64, 230.05, 7.64, 187.75, 7.64, 323.59
CPT_6457, 7.66, 233.01, 7.66, 205.05, 7.66, 236.09, 7.66, 189.87, 7.66, 330.49
CPT_6457, 7.68, 248.56, 7.68, 209.30, 7.68, 241.22, 7.68, 191.55, 7.68, 336.13
CPT_6457, 7.70, 258.70, 7.70, 212.30, 7.70, 245.18, 7.70, 193.31, 7.70, 340.00
CPT_6457, 7.72, 258.23, 7.72, 212.37, 7.72, 245.33, 7.72, 193.66, 7.72, 340.24
CPT_6457, 7.74, 260.21, 7.74, 213.18, 7.74, 246.49, 7.74, 194.45, 7.74, 341.37
CPT_6457, 7.76, 268.98, 7.76, 215.63, 7.76, 249.68, 7.76, 195.78, 7.76, 344.53
CPT_6457, 7.78, 267.35, 7.78, 215.34, 7.78, 249.32, 7.78, 195.88, 7.78, 344.36
CPT_6457, 7.80, 268.92, 7.80, 215.61, 7.80, 249.54, 7.80, 195.86, 7.80, 344.96
CPT_6457, 7.82, 270.89, 7.82, 215.80, 7.82, 249.55, 7.82, 195.57, 7.82, 345.54
CPT_6457, 7.84, 276.84, 7.84, 216.90, 7.84, 250.79, 7.84, 195.63, 7.84, 347.30
CPT_6457, 7.86, 278.03, 7.86, 216.59, 7.86, 250.11, 7.86, 194.85, 7.86, 347.44
CPT_6457, 7.88, 278.37, 7.88, 216.47, 7.88, 249.84, 7.88, 194.63, 7.88, 347.63
CPT_6457, 7.90, 283.72, 7.90, 216.96, 7.90, 250.27, 7.90, 194.09, 7.90, 348.92
CPT_6457, 7.92, 270.05, 7.92, 213.96, 7.92, 246.22, 7.92, 193.08, 7.92, 345.17
CPT_6457, 7.94, 257.81, 7.94, 210.98, 7.94, 242.25, 7.94, 191.90, 7.94, 341.51
CPT_6457, 7.96, 244.22, 7.96, 207.35, 7.96, 237.46, 7.96, 190.23, 7.96, 337.02
CPT_6457, 7.98, 233.52, 7.98, 204.13, 7.98, 233.14, 7.98, 188.43, 7.98, 333.09
CPT_6457, 8.00, 232.42, 8.00, 202.86, 8.00, 230.92, 8.00, 186.60, 8.00, 332.08
CPT_6457, 8.02, 227.39, 8.02, 201.00, 8.02, 228.26, 8.02, 185.18, 8.02, 329.98
CPT_6457, 8.04, 217.32, 8.04, 197.94, 8.04, 224.20, 8.04, 183.48, 8.04, 325.98
CPT_6457, 8.06, 208.81, 8.06, 195.06, 8.06, 220.30, 8.06, 181.59, 8.06, 322.24
CPT_6457, 8.08, 232.36, 8.08, 201.90, 8.08, 229.10, 8.08, 185.25, 8.08, 332.21
CPT_6457, 8.10, 210.26, 8.10, 195.48, 8.10, 220.72, 8.10, 181.89, 8.10, 323.29
CPT_6457, 8.12, 193.57, 8.12, 190.03, 8.12, 213.66, 8.12, 178.62, 8.12, 315.48
CPT_6457, 8.14, 195.32, 8.14, 190.45, 8.14, 214.03, 8.14, 178.71, 8.14, 316.43
CPT_6457, 8.16, 205.12, 8.16, 193.18, 8.16, 217.23, 8.16, 179.86, 8.16, 321.02
CPT_6457, 8.18, 216.19, 8.18, 196.16, 8.18, 220.91, 8.18, 181.21, 8.18, 325.89
CPT_6457, 8.20, 227.39, 8.20, 198.73, 8.20, 224.13, 8.20, 182.10, 8.20, 330.32
CPT_6457, 8.22, 234.85, 8.22, 200.59, 8.22, 226.58, 8.22, 183.03, 8.22, 333.37
CPT_6457, 8.24, 239.15, 8.24, 201.68, 8.24, 228.02, 8.24, 183.65, 8.24, 335.21
CPT_6457, 8.26, 241.65, 8.26, 202.45, 8.26, 229.03, 8.26, 184.25, 8.26, 336.49
CPT_6457, 8.28, 231.97, 8.28, 200.57, 8.28, 226.53, 8.28, 183.91, 8.28, 333.49
CPT_6457, 8.30, 233.23, 8.30, 201.96, 8.30, 228.59, 8.30, 185.74, 8.30, 334.93
CPT_6457, 8.32, 273.94, 8.32, 213.19, 8.32, 243.92, 8.32, 192.32, 8.32, 349.99
CPT_6457, 8.34, 248.21, 8.34, 208.65, 8.34, 238.22, 8.34, 192.11, 8.34, 342.86
CPT_6457, 8.36, 244.45, 8.36, 208.21, 8.36, 237.88, 8.36, 192.66, 8.36, 342.17
CPT_6457, 8.38, 282.08, 8.38, 218.42, 8.38, 251.48, 8.38, 198.14, 8.38, 355.36
CPT_6457, 8.40, 253.07, 8.40, 212.88, 8.40, 245.22, 8.40, 198.11, 8.40, 347.58
CPT_6457, 8.42, 243.89, 8.42, 211.49, 8.42, 244.76, 8.42, 199.71, 8.42, 345.70
CPT_6457, 8.44, 237.16, 8.44, 210.09, 8.44, 243.98, 8.44, 200.52, 8.44, 344.12
CPT_6457, 8.46, 231.93, 8.46, 209.30, 8.46, 244.99, 8.46, 202.76, 8.46, 343.56
CPT_6457, 8.48, 217.24, 8.48, 204.44, 8.48, 240.21, 8.48, 201.48, 8.48, 338.06
CPT_6457, 8.50, 216.28, 8.50, 204.30, 8.50, 241.00, 8.50, 202.57, 8.50, 338.34
CPT_6457, 8.52, 191.61, 8.52, 194.73, 8.52, 231.23, 8.52, 198.55, 8.52, 326.69
CPT_6457, 8.54, 174.44, 8.54, 187.23, 8.54, 223.98, 8.54, 195.05, 8.54, 316.70
CPT_6457, 8.56, 164.05, 8.56, 182.33, 8.56, 219.05, 8.56, 192.11, 8.56, 309.28
CPT_6457, 8.58, 160.30, 8.58, 180.62, 8.58, 216.69, 8.58, 190.43, 8.58, 306.22
CPT_6457, 8.60, 157.79, 8.60, 179.49, 8.60, 215.06, 8.60, 189.24, 8.60, 304.10
CPT_6457, 8.62, 152.86, 8.62, 177.41, 8.62, 210.52, 8.62, 185.48, 8.62, 299.21
CPT_6457, 8.64, 158.11, 8.64, 180.04, 8.64, 213.16, 8.64, 187.55, 8.64, 304.29
CPT_6457, 8.66, 167.53, 8.66, 184.54, 8.66, 217.66, 8.66, 190.56, 8.66, 311.97
CPT_6457, 8.68, 172.98, 8.68, 187.04, 8.68, 220.08, 8.68, 192.03, 8.68, 315.94
CPT_6457, 8.70, 190.48, 8.70, 194.49, 8.70, 227.88, 8.70, 196.20, 8.70, 326.72
CPT_6457, 8.72, 195.72, 8.72, 196.62, 8.72, 230.18, 8.72, 197.43, 8.72, 329.76
CPT_6457, 8.74, 212.65, 8.74, 203.03, 8.74, 237.15, 8.74, 200.64, 8.74, 338.22
CPT_6457, 8.76, 225.52, 8.76, 207.52, 8.76, 241.93, 8.76, 202.57, 8.76, 343.94
CPT_6457, 8.78, 228.38, 8.78, 208.38, 8.78, 242.53, 8.78, 202.61, 8.78, 345.14
CPT_6457, 8.80, 242.42, 8.80, 212.78, 8.80, 247.24, 8.80, 204.24, 8.80, 350.68
CPT_6457, 8.82, 252.70, 8.82, 215.69, 8.82, 250.26, 8.82, 205.07, 8.82, 354.42
CPT_6457, 8.84, 259.17, 8.84, 217.38, 8.84, 251.96, 8.84, 205.45, 8.84, 356.70
CPT_6457, 8.86, 263.00, 8.86, 218.35, 8.86, 252.93, 8.86, 205.68, 8.86, 358.12
CPT_6457, 8.88, 265.83, 8.88, 218.92, 8.88, 253.31, 8.88, 205.57, 8.88, 359.08
CPT_6457, 8.90, 272.17, 8.90, 220.42, 8.90, 254.90, 8.90, 205.92, 8.90, 361.22
CPT_6457, 8.92, 278.19, 8.92, 221.92, 8.92, 256.65, 8.92, 206.47, 8.92, 363.31
CPT_6457, 8.94, 285.50, 8.94, 223.61, 8.94, 258.58, 8.94, 206.98, 8.94, 365.68
CPT_6457, 8.96, 285.32, 8.96, 223.62, 8.96, 258.58, 8.96, 207.11, 8.96, 365.89
CPT_6457, 8.98, 285.33, 8.98, 222.94, 8.98, 257.22, 8.98, 205.96, 8.98, 365.63
CPT_6457, 9.00, 286.94, 9.00, 223.04, 9.00, 257.13, 9.00, 205.68, 9.00, 366.15
CPT_6457, 9.02, 284.54, 9.02, 222.43, 9.02, 256.27, 9.02, 205.43, 9.02, 365.62
CPT_6457, 9.04, 280.77, 9.04, 221.59, 9.04, 255.16, 9.04, 205.22, 9.04, 364.72
CPT_6457, 9.06, 276.67, 9.06, 220.82, 9.06, 254.28, 9.06, 205.27, 9.06, 363.82
CPT_6457, 9.08, 273.95, 9.08, 220.29, 9.08, 253.63, 9.08, 205.29, 9.08, 363.27
CPT_6457, 9.10, 269.97, 9.10, 219.44, 9.10, 252.63, 9.10, 205.23, 9.10, 362.32
CPT_6457, 9.12, 270.90, 9.12, 219.80, 9.12, 253.08, 9.12, 205.57, 9.12, 362.92
CPT_6457, 9.14, 270.30, 9.14, 219.94, 9.14, 253.42, 9.14, 206.10, 9.14, 363.16
CPT_6457, 9.16, 272.44, 9.16, 220.59, 9.16, 254.23, 9.16, 206.54, 9.16, 364.14
CPT_6457, 9.18, 274.58, 9.18, 221.22, 9.18, 255.01, 9.18, 206.95, 9.18, 365.12
CPT_6457, 9.20, 275.63, 9.20, 221.52, 9.20, 255.34, 9.20, 207.16, 9.20, 365.69
CPT_6457, 9.22, 277.37, 9.22, 221.61, 9.22, 255.11, 9.22, 206.72, 9.22, 366.21
CPT_6457, 9.24, 279.85, 9.24, 222.10, 9.24, 255.59, 9.24, 206.81, 9.24, 367.13
CPT_6457, 9.26, 279.51, 9.26, 221.42, 9.26, 254.31, 9.26, 205.81, 9.26, 366.87
CPT_6457, 9.28, 274.47, 9.28, 220.31, 9.28, 252.92, 9.28, 205.56, 9.28, 365.56
CPT_6457, 9.30, 274.15, 9.30, 220.38, 9.30, 253.02, 9.30, 205.82, 9.30, 365.77
CPT_6457, 9.32, 272.52, 9.32, 220.19, 9.32, 252.86, 9.32, 206.08, 9.32, 365.61
CPT_6457, 9.34, 271.07, 9.34, 219.94, 9.34, 252.56, 9.34, 206.17, 9.34, 365.43
CPT_6457, 9.36, 268.23, 9.36, 219.45, 9.36, 252.06, 9.36, 206.34, 9.36, 364.86
CPT_6457, 9.38, 267.88, 9.38, 219.53, 9.38, 252.21, 9.38, 206.64, 9.38, 365.08
CPT_6457, 9.40, 268.59, 9.40, 219.95, 9.40, 252.86, 9.40, 207.21, 9.40, 365.70
CPT_6457, 9.42, 270.54, 9.42, 220.66, 9.42, 253.82, 9.42, 207.82, 9.42, 366.70
CPT_6457, 9.44, 272.58, 9.44, 221.32, 9.44, 254.67, 9.44, 208.33, 9.44, 367.68
CPT_6457, 9.46, 273.74, 9.46, 221.59, 9.46, 254.89, 9.46, 208.41, 9.46, 368.25
CPT_6457, 9.48, 276.73, 9.48, 221.89, 9.48, 254.87, 9.48, 207.94, 9.48, 369.13
CPT_6457, 9.50, 278.21, 9.50, 222.01, 9.50, 254.77, 9.50, 207.68, 9.50, 369.65
CPT_6457, 9.52, 281.99, 9.52, 222.67, 9.52, 255.39, 9.52, 207.67, 9.52, 370.92
CPT_6457, 9.54, 284.33, 9.54, 223.15, 9.54, 255.89, 9.54, 207.80, 9.54, 371.82
CPT_6457, 9.56, 283.20, 9.56, 222.79, 9.56, 255.33, 9.56, 207.59, 9.56, 371.64
CPT_6457, 9.58, 283.07, 9.58, 222.78, 9.58, 255.26, 9.58, 207.66, 9.58, 371.83
CPT_6457, 9.60, 279.56, 9.60, 221.91, 9.60, 254.07, 9.60, 207.30, 9.60, 370.91
CPT_6457, 9.62, 275.13, 9.62, 220.62, 9.62, 252.24, 9.62, 206.53, 9.62, 369.55
CPT_6457, 9.64, 271.33, 9.64, 218.99, 9.64, 249.74, 9.64, 205.04, 9.64, 368.09
CPT_6457, 9.66, 268.43, 9.66, 217.72, 9.66, 247.80, 9.66, 203.89, 9.66, 367.01
CPT_6457, 9.68, 265.80, 9.68, 216.27, 9.68, 245.52, 9.68, 202.38, 9.68, 365.86
CPT_6457, 9.70, 265.74, 9.70, 215.24, 9.70, 243.78, 9.70, 200.90, 9.70, 365.50
CPT_6457, 9.72, 265.66, 9.72, 214.15, 9.72, 242.02, 9.72, 199.42, 9.72, 365.14
CPT_6457, 9.74, 263.20, 9.74, 212.37, 9.74, 239.38, 9.74, 197.56, 9.74, 363.91
CPT_6457, 9.76, 261.98, 9.76, 210.77, 9.76, 237.03, 9.76, 195.74, 9.76, 363.07
CPT_6457, 9.78, 257.80, 9.78, 208.84, 9.78, 234.29, 9.78, 194.08, 9.78, 361.37
CPT_6457, 9.80, 257.60, 9.80, 208.85, 9.80, 234.26, 9.80, 194.19, 9.80, 361.56
CPT_6457, 9.82, 249.92, 9.82, 210.65, 9.82, 237.22, 9.82, 198.33, 9.82, 360.80
CPT_6457, 9.84, 245.25, 9.84, 209.18, 9.84, 235.17, 9.84, 197.35, 9.84, 359.05
CPT_6457, 9.86, 211.90, 9.86, 199.28, 9.86, 222.26, 9.86, 191.55, 9.86, 344.88
CPT_6457, 9.88, 201.36, 9.88, 195.39, 9.88, 216.95, 9.88, 188.62, 9.88, 339.63
CPT_6457, 9.90, 192.30, 9.90, 191.25, 9.90, 210.99, 9.90, 184.76, 9.90, 334.44
CPT_6457, 9.92, 189.81, 9.92, 189.73, 9.92, 208.66, 9.92, 183.11, 9.92, 332.92
CPT_6457, 9.94, 197.72, 9.94, 191.38, 9.94, 210.38, 9.94, 183.39, 9.94, 336.84
CPT_6457, 9.96, 202.43, 9.96, 192.19, 9.96, 211.24, 9.96, 183.45, 9.96, 339.11
CPT_6457, 9.98, 210.33, 9.98, 195.26, 9.98, 215.38, 9.98, 185.99, 9.98, 343.48
CPT_6457, 10.00, 219.31, 10.00, 198.53, 10.00, 219.79, 10.00, 188.59, 10.00, 348.15
