File Name, max_depth of CPT, Vsz_Hegazy 2006, Vs30_Boore 2004, Vsz_Andrus 2007-H, Vs30_Boore 2004, Vsz_Andrus 2007-P, Vs30_Boore 2004, Vsz_Robertson 2009, Vs30_Boore 2004, Vsz_McGann 2015, Vs30_Boore 2004,Vsz_McGann 2018, Vs30_Boore 2004
CPT_93615_Rep01, 14.00, 273.51, 332.39, 158.66, 189.72, 193.15, 232.32, 206.78, 249.22, 130.40, 155.03, 271.16, 329.46
CPT_91971_Rep01, 15.00, 139.21, 163.63, 143.41, 168.69, 174.59, 206.43, 154.18, 181.71, 107.24, 125.18, 211.37, 251.19
CPT_91972_Rep01, 22.00, 166.98, 181.70, 168.09, 182.91, 204.64, 222.87, 179.10, 194.95, 138.29, 150.35, 281.20, 306.68
CPT_91951_Rep01, 29.00, 123.77, 124.80, 170.46, 171.95, 207.52, 209.39, 166.45, 167.90, 148.06, 149.32, 285.42, 288.13
CPT_66997_Rep01, 19.00, 180.09, 203.00, 132.39, 148.69, 161.17, 181.44, 156.47, 176.08, 112.34, 125.93, 271.25, 307.22
CPT_156430_Rep01, 19.00, 200.86, 226.70, 123.52, 138.62, 150.37, 169.14, 172.74, 194.61, 96.82, 108.35, 224.00, 253.14
SCPT_163043_Rep01, 16.00, 111.85, 129.15, 100.45, 115.69, 122.29, 141.50, 116.21, 134.31, 86.51, 99.28, 210.52, 246.74
CPT_91957_Rep01, 28.00, 194.23, 197.78, 203.92, 207.68, 248.25, 252.98, 218.27, 222.34, 174.30, 177.43, 320.67, 327.04
CPT_185461_Rep01, 24.00, 102.25, 108.45, 127.36, 135.20, 155.05, 164.74, 123.14, 130.70, 115.93, 123.01, 273.23, 291.00
CPT_156427_Rep01, 29.00, 147.15, 148.40, 135.56, 136.70, 165.03, 166.46, 162.66, 164.07, 115.65, 116.59, 261.53, 263.99
CPT_91950_Rep01, 17.00, 160.83, 185.29, 121.95, 139.77, 148.47, 170.79, 146.42, 168.38, 101.82, 116.29, 233.64, 271.09
CPT_91925_Rep01, 16.00, 278.05, 328.05, 167.87, 195.71, 204.37, 239.37, 209.55, 245.59, 132.81, 153.97, 285.19, 336.68
CPT_76072_Rep01, 14.00, 342.18, 418.62, 184.72, 221.89, 224.88, 271.71, 248.94, 301.68, 136.05, 161.94, 284.85, 346.59
CPT_139731_Rep01, 23.00, 177.83, 191.27, 176.59, 189.94, 214.98, 231.42, 204.99, 220.62, 147.21, 158.22, 284.32, 306.42
CPT_66995_Rep01, 19.00, 198.33, 223.81, 144.72, 162.71, 176.18, 198.54, 169.37, 190.78, 121.71, 136.56, 287.00, 325.28
CPT_126784_Rep01_3, 15.00, nan, nan, 50.96, 58.34, 62.04, 71.39, nan, nan, 65.10, 75.01, 224.81, 267.59
CPT_91919_Rep01, 20.00, 194.11, 216.39, 173.50, 193.20, 211.22, 235.64, 191.33, 213.25, 140.95, 156.65, 286.52, 320.58
CPT_91956_Rep01, 24.00, 141.74, 150.54, 150.68, 160.07, 183.44, 195.04, 159.10, 169.05, 126.37, 134.14, 264.43, 281.59
CPT_91920_Rep01, 21.00, 218.36, 240.62, 181.74, 200.00, 221.25, 243.82, 208.38, 229.54, 148.06, 162.69, 300.51, 331.91
CPT_91960_Rep01, 19.00, 162.04, 182.43, 183.88, 207.32, 223.85, 252.97, 199.20, 224.81, 147.23, 165.57, 289.62, 328.28
CPT_91962_Rep01, 21.00, 221.71, 244.34, 187.08, 205.91, 227.74, 251.03, 214.18, 235.98, 152.29, 167.38, 304.31, 336.13
CPT_91968_Rep01, 18.00, 172.19, 196.38, 155.87, 177.51, 189.76, 216.71, 179.95, 205.35, 126.08, 143.15, 255.60, 293.16
SCPT_163107_Rep01, 19.00, 85.46, 95.49, 101.05, 113.14, 123.02, 138.05, 102.20, 114.44, 91.19, 101.98, 223.62, 252.71
CPT_91952_Rep01, 27.00, 143.45, 147.40, 167.59, 172.32, 204.02, 209.96, 180.64, 185.80, 143.60, 147.56, 281.57, 290.16
CPT_121824_Rep01, 24.00, 60.00, 63.49, 124.95, 132.63, 152.11, 161.59, 103.18, 109.43, 111.28, 118.06, 232.71, 247.67
CPT_91964_Rep01, 29.00, 162.00, 163.40, 191.58, 193.29, 233.23, 235.38, 196.89, 198.65, 166.07, 167.52, 315.33, 318.38
CPT_192322_Rep01, 17.00, 161.12, 185.63, 168.14, 193.87, 204.69, 236.90, 182.83, 211.15, 133.38, 153.12, 258.66, 300.70
CPT_156429_Rep01, 29.00, 158.72, 160.09, 159.62, 161.00, 194.32, 196.05, 177.32, 178.88, 131.91, 133.01, 272.32, 274.90
CPT_126784_Rep01_2, 16.00, nan, nan, 53.18, 60.33, 64.74, 73.79, nan, nan, 67.53, 77.04, 230.24, 270.43
CPT_66982_Rep01_2, 19.00, 4.72, 5.09, 135.99, 152.79, 165.55, 186.43, 109.57, 122.79, 115.49, 129.51, 269.49, 305.21
CPT_91982_Rep01, 27.00, 0.84, 0.84, 171.81, 176.67, 209.16, 215.26, 67.80, 69.44, 146.66, 150.71, 286.99, 295.77
CPT_91981_Rep01, 28.00, 0.28, 0.28, 172.31, 175.40, 209.77, 213.66, 33.27, 33.70, 150.41, 153.04, 298.66, 304.53
CPT_91941_Rep01, 28.00, 132.46, 134.72, 170.13, 173.17, 207.11, 210.94, 176.72, 179.89, 148.73, 151.32, 282.84, 288.35
CPT_66982_Rep01, 20.00, 4.96, 5.34, 138.67, 154.09, 168.82, 187.94, 112.22, 124.45, 118.38, 131.35, 273.75, 306.16
CPT_139730_Rep01, 15.00, 197.90, 234.77, 150.25, 176.96, 182.92, 216.54, 198.85, 235.92, 118.68, 138.91, 244.49, 291.65
CPT_126784_Rep01_1, 17.00, nan, nan, 55.24, 62.37, 67.25, 76.21, nan, nan, 69.78, 79.13, 235.31, 273.06
CPT_91949_Rep01, 28.00, 168.69, 171.70, 142.86, 145.33, 173.92, 177.04, 158.98, 161.79, 123.89, 125.98, 279.73, 285.17
CPT_100699_Rep01, 25.00, 188.60, 198.27, 198.57, 208.81, 241.74, 254.42, 206.04, 216.70, 165.62, 174.01, 322.33, 339.68
CPT_121811_Rep01, 23.00, 134.10, 144.06, 145.97, 156.88, 177.71, 191.15, 151.52, 162.86, 124.04, 133.22, 261.69, 281.94
CPT_91934_Rep01, 13.00, 210.67, 258.03, 132.13, 159.46, 160.86, 195.34, 173.26, 210.90, 101.57, 121.56, 233.14, 286.48
CPT_156434_Rep01, 29.00, 171.51, 173.01, 158.88, 160.25, 193.42, 195.15, 180.06, 181.65, 128.28, 129.34, 262.18, 264.64
CPT_91983_Rep01, 28.00, 154.42, 157.13, 177.28, 180.47, 215.82, 219.84, 182.81, 186.12, 152.37, 155.04, 294.34, 300.10
CPT_124014_Rep01, 14.00, 213.04, 256.99, 161.19, 192.84, 196.23, 236.14, 197.55, 237.77, 125.66, 149.23, 255.90, 310.38
CPT_91956_Rep01_2, 17.00, 185.27, 214.02, 143.27, 164.70, 174.41, 201.25, 170.37, 196.50, 113.24, 129.59, 240.26, 278.91
CPT_91963_Rep01, 25.00, 194.69, 204.71, 185.95, 195.47, 226.37, 238.18, 201.85, 212.27, 154.97, 162.77, 304.67, 320.99
CPT_91980_Rep01, 19.00, 186.44, 210.24, 158.00, 177.83, 192.35, 216.99, 188.01, 212.04, 125.93, 141.36, 258.59, 292.72
CPT_141746_Rep01, 18.00, 0.20, 0.20, 110.52, 125.25, 134.55, 152.91, 11.77, 12.91, 100.11, 113.28, 251.48, 288.37
CPT_121825_Rep01, 18.00, 135.06, 153.49, 117.58, 133.37, 143.15, 162.82, 132.81, 150.90, 98.18, 111.07, 220.73, 252.64
CPT_123151_Rep01, 23.00, 375.60, 405.27, 135.57, 145.66, 165.04, 177.47, 238.33, 256.67, 132.09, 141.91, 313.25, 337.73
CPT_67001_Rep01, 24.00, 133.59, 141.84, 127.08, 134.90, 154.71, 164.37, 139.02, 147.63, 113.32, 120.24, 269.14, 286.63
CPT_126784_Rep01, 18.00, nan, nan, 57.69, 64.76, 70.23, 79.06, nan, nan, 72.52, 81.68, 241.61, 276.89
CPT_91926_Rep01, 19.00, 200.02, 225.75, 149.69, 168.36, 182.23, 205.43, 176.09, 198.44, 122.25, 137.18, 270.64, 306.53
CPT_123167_Rep01, 24.00, 176.03, 187.12, 125.37, 133.08, 152.62, 162.14, 156.71, 166.51, 113.92, 120.87, 268.99, 286.47
